0	0	5	473
0	1	5	183
0	2	5	171
0	3	5	167
0	4	5	167
0	5	5	167
0	6	5	174
0	7	5	168
0	8	5	164
0	9	5	164
1	0	4588	960745
1	1	4588	56183
1	2	4588	55514
1	3	4588	55097
1	4	4588	56668
1	5	4588	54630
1	6	4588	55177
1	7	4588	56360
1	8	4588	53722
1	9	4588	59576
2	0	65	198400
2	1	65	176972
2	2	65	180751
2	3	65	176487
2	4	65	198518
2	5	65	198181
2	6	65	193091
2	7	65	174062
2	8	65	196742
2	9	65	212882
3	0	206	7835691
3	1	206	10537025
3	2	206	9880414
3	3	206	9017421
3	4	206	8885267
3	5	206	8717786
3	6	206	8798567
3	7	206	8546196
3	8	206	9328448
3	9	206	8381728
