0	0	5	1586
0	1	5	172
0	2	5	163
0	3	5	166
0	4	5	161
0	5	5	162
0	6	5	161
0	7	5	161
0	8	5	158
0	9	5	160
1	0	4588	99573
1	1	4588	93998
1	2	4588	96228
1	3	4588	96443
1	4	4588	98122
1	5	4588	94750
1	6	4588	95599
1	7	4588	93657
1	8	4588	94582
1	9	4588	96276
2	0	65	1421025
2	1	65	1001370
2	2	65	998841
2	3	65	999935
2	4	65	923536
2	5	65	981299
2	6	65	979542
2	7	65	944373
2	8	65	994484
2	9	65	995035
3	0	206	37820
3	1	206	51921
3	2	206	49474
3	3	206	37282
3	4	206	32548
3	5	206	32456
3	6	206	32494
3	7	206	32463
3	8	206	32521
3	9	206	32494
4	0	889	261227
4	1	889	237962
4	2	889	237380
4	3	889	262262
4	4	889	245281
4	5	889	246525
4	6	889	232526
4	7	889	266153
4	8	889	267695
4	9	889	268584
