0	0	5	173
0	1	5	173
0	2	5	154
0	3	5	154
0	4	5	162
0	5	5	164
0	6	5	163
0	7	5	153
0	8	5	153
0	9	5	151
1	0	4588	74719
1	1	4588	74473
1	2	4588	74655
1	3	4588	76868
1	4	4588	76270
1	5	4588	75085
1	6	4588	74344
1	7	4588	73053
1	8	4588	75719
1	9	4588	75661
2	0	65	167008
2	1	65	157452
2	2	65	151668
2	3	65	156585
2	4	65	164988
2	5	65	155348
2	6	65	161562
2	7	65	172517
2	8	65	175945
2	9	65	166038
3	0	206	31552
3	1	206	50814
3	2	206	37869
3	3	206	35067
3	4	206	31590
3	5	206	31563
3	6	206	31553
3	7	206	31535
3	8	206	31689
3	9	206	36591
4	0	889	230329
4	1	889	235791
4	2	889	320408
4	3	889	270929
4	4	889	231347
4	5	889	267939
4	6	889	268909
4	7	889	268661
4	8	889	269899
4	9	889	350434
