0	0	12	445
0	1	12	450
0	2	12	445
0	3	12	457
0	4	12	449
0	5	12	445
0	6	12	443
0	7	12	448
0	8	12	445
0	9	12	442
1	0	4588	102858
1	1	4588	96578
1	2	4588	94362
1	3	4588	109164
1	4	4588	106590
1	5	4588	104032
1	6	4588	103046
1	7	4588	92493
1	8	4588	112932
1	9	4588	92107
2	0	65	1260362
2	1	65	1210190
2	2	65	1119021
2	3	65	1166688
2	4	65	1265218
2	5	65	1163766
2	6	65	1220074
2	7	65	1436204
2	8	65	1300879
2	9	65	1256323
3	0	206	52068
3	1	206	51888
3	2	206	52346
3	3	206	49750
3	4	206	51967
3	5	206	47126
3	6	206	48627
3	7	206	54096
3	8	206	66667
3	9	206	55720
4	0	956	846875
4	1	956	852577
4	2	956	856625
4	3	956	841995
4	4	956	846403
4	5	956	855038
4	6	956	847610
4	7	956	849225
4	8	956	844059
4	9	956	848646
