0	0	12	1652
0	1	12	447
0	2	12	442
0	3	12	437
0	4	12	471
0	5	12	439
0	6	12	431
0	7	12	434
0	8	12	429
0	9	12	437
1	0	4588	121130
1	1	4588	113461
1	2	4588	117359
1	3	4588	114507
1	4	4588	113086
1	5	4588	114703
1	6	4588	111356
1	7	4588	113103
1	8	4588	114199
1	9	4588	116908
2	0	65	2257644
2	1	65	2169627
2	2	65	2135834
2	3	65	2115915
2	4	65	2103623
2	5	65	2111601
2	6	65	2106391
2	7	65	2101657
2	8	65	2103833
2	9	65	2099909
3	0	206	81383
3	1	206	51976
3	2	206	51363
3	3	206	53823
3	4	206	52236
3	5	206	52226
3	6	206	47321
3	7	206	46922
3	8	206	47722
3	9	206	46988
4	0	956	855728
4	1	956	830728
4	2	956	835563
4	3	956	824291
4	4	956	834333
4	5	956	825677
4	6	956	830876
4	7	956	822575
4	8	956	823363
4	9	956	829497
