0	0	12	1202
0	1	12	483
0	2	12	470
0	3	12	468
0	4	12	568
0	5	12	517
0	6	12	514
0	7	12	530
0	8	12	523
0	9	12	523
1	0	4588	95472
1	1	4588	99096
1	2	4588	92660
1	3	4588	101019
1	4	4588	101247
1	5	4588	89815
1	6	4588	90544
1	7	4588	98777
1	8	4588	99729
1	9	4588	91115
2	0	65	1993951
2	1	65	1613568
2	2	65	1436974
2	3	65	1398223
2	4	65	1410348
2	5	65	1422938
2	6	65	1690288
2	7	65	1332973
2	8	65	1309860
2	9	65	1331951
3	0	206	49454904
3	1	206	50180661
3	2	206	49803583
3	3	206	49865329
3	4	206	49583582
3	5	206	48998048
3	6	206	51083985
3	7	206	49404418
3	8	206	55955722
3	9	206	50007781
