0	0	12	866
0	1	12	177
0	2	12	167
0	3	12	161
0	4	12	167
0	5	12	160
0	6	12	161
0	7	12	174
0	8	12	170
0	9	12	170
1	0	4588	68726
1	1	4588	53805
1	2	4588	54316
1	3	4588	54653
1	4	4588	53965
1	5	4588	53540
1	6	4588	54001
1	7	4588	54092
1	8	4588	54026
1	9	4588	54508
2	0	65	352767
2	1	65	258239
2	2	65	273644
2	3	65	247153
2	4	65	230521
2	5	65	250245
2	6	65	459867
2	7	65	255776
2	8	65	217774
2	9	65	225399
3	0	206	5879798
3	1	206	6275678
3	2	206	5706894
3	3	206	6204317
3	4	206	5543531
3	5	206	6475539
3	6	206	5480875
3	7	206	5593940
3	8	206	5471007
3	9	206	5467949
