0	0	980	19512854
0	1	980	19500368
0	2	980	19497121
0	3	980	22900739
0	4	980	25868499
0	5	980	25870133
0	6	980	25866341
0	7	980	25866143
0	8	980	19548606
0	9	980	19523112
1	0	29222	272821
1	1	29222	271821
1	2	29222	272595
1	3	29222	273473
1	4	29222	271990
1	5	29222	273774
1	6	29222	273333
1	7	29222	274039
1	8	29222	272863
1	9	29222	274515
2	0	4601	560892
2	1	4601	561192
2	2	4601	561544
2	3	4601	561044
2	4	4601	560932
2	5	4601	560746
2	6	4601	560424
2	7	4601	560725
2	8	4601	560355
2	9	4601	560897
3	0	654	2355723
3	1	654	2348802
3	2	654	2350632
3	3	654	2349133
3	4	654	2350169
3	5	654	2349748
3	6	654	2349783
3	7	654	2351313
3	8	654	2351516
3	9	654	2352194
4	0	302	114408
4	1	302	114999
4	2	302	114848
4	3	302	114959
4	4	302	114829
4	5	302	114837
4	6	302	114893
4	7	302	114907
4	8	302	114913
4	9	302	114872
5	0	2342	6797
5	1	2342	6209
5	2	2342	6197
5	3	2342	6208
5	4	2342	6194
5	5	2342	6210
5	6	2342	6207
5	7	2342	6225
5	8	2342	6205
5	9	2342	6216
6	0	80	4264
6	1	80	4014
6	2	80	4008
6	3	80	4005
6	4	80	4012
6	5	80	4016
6	6	80	4014
6	7	80	4009
6	8	80	4010
6	9	80	4009
7	0	270	376334
7	1	270	376619
7	2	270	376438
7	3	270	376023
7	4	270	376031
7	5	270	376218
7	6	270	376260
7	7	270	376317
7	8	270	376235
7	9	270	376218
8	0	240	817
8	1	240	720
8	2	240	731
8	3	240	714
8	4	240	712
8	5	240	703
8	6	240	711
8	7	240	720
8	8	240	708
8	9	240	705
9	0	17492	102440
9	1	17492	103100
9	2	17492	102959
9	3	17492	102933
9	4	17492	103312
9	5	17492	103069
9	6	17492	102954
9	7	17492	103159
9	8	17492	103290
9	9	17492	103082
