0	0	12	654
0	1	12	573
0	2	12	560
0	3	12	559
0	4	12	596
0	5	12	563
0	6	12	555
0	7	12	555
0	8	12	556
0	9	12	553
1	0	0	18961
1	1	0	18234
1	2	0	18216
1	3	0	18365
1	4	0	18160
1	5	0	18088
1	6	0	18091
1	7	0	18111
1	8	0	18104
1	9	0	18092
2	0	65	2948795
2	1	65	2955665
2	2	65	2954374
2	3	65	2953323
2	4	65	2955767
2	5	65	3042532
2	6	65	3042763
2	7	65	3040368
2	8	65	3043099
2	9	65	3044673
3	0	0	820
3	1	0	563
3	2	0	483
3	3	0	481
3	4	0	479
3	5	0	476
3	6	0	477
3	7	0	486
3	8	0	481
3	9	0	473
4	0	956	1139008
4	1	956	1137531
4	2	956	1137428
4	3	956	1137484
4	4	956	1137512
4	5	956	1137711
4	6	956	1137462
4	7	956	1137893
4	8	956	1137516
4	9	956	1137371
