0	0	980	2031937
0	1	980	2025596
0	2	980	2026786
0	3	980	2023601
0	4	980	2025995
0	5	980	2025462
0	6	980	2024069
0	7	980	2025453
0	8	980	2026377
0	9	980	2025685
1	0	29222	63114
1	1	29222	61472
1	2	29222	62372
1	3	29222	62912
1	4	29222	62738
1	5	29222	63207
1	6	29222	63732
1	7	29222	64582
1	8	29222	63933
1	9	29222	63572
2	0	4601	383785
2	1	4601	383395
2	2	4601	383405
2	3	4601	384059
2	4	4601	383800
2	5	4601	383606
2	6	4601	383629
2	7	4601	383466
2	8	4601	383828
2	9	4601	383805
3	0	654	68140
3	1	654	67941
3	2	654	67813
3	3	654	68100
3	4	654	67968
3	5	654	67835
3	6	654	68035
3	7	654	67973
3	8	654	67947
3	9	654	67914
4	0	302	54652
4	1	302	54446
4	2	302	54472
4	3	302	54617
4	4	302	54609
4	5	302	54384
4	6	302	54451
4	7	302	54468
4	8	302	54462
4	9	302	54481
5	0	2342	2863
5	1	2342	2624
5	2	2342	2636
5	3	2342	2628
5	4	2342	2625
5	5	2342	2641
5	6	2342	2659
5	7	2342	2634
5	8	2342	2649
5	9	2342	2647
6	0	80	745
6	1	80	722
6	2	80	726
6	3	80	718
6	4	80	724
6	5	80	735
6	6	80	720
6	7	80	719
6	8	80	719
6	9	80	722
7	0	270	129604
7	1	270	129410
7	2	270	129330
7	3	270	129497
7	4	270	129496
7	5	270	129365
7	6	270	129329
7	7	270	129424
7	8	270	129504
7	9	270	129363
8	0	240	374
8	1	240	310
8	2	240	306
8	3	240	302
8	4	240	299
8	5	240	302
8	6	240	297
8	7	240	298
8	8	240	297
8	9	240	293
9	0	17492	21532
9	1	17492	20531
9	2	17492	20368
9	3	17492	20637
9	4	17492	20614
9	5	17492	20594
9	6	17492	20362
9	7	17492	20586
9	8	17492	20560
9	9	17492	20550
