0	0	980	25576015
0	1	980	25833086
0	2	980	25848203
0	3	980	25867479
0	4	980	25868212
0	5	980	25884043
0	6	980	25881961
0	7	980	25900296
0	8	980	25897235
0	9	980	25870747
1	0	29222	320394
1	1	29222	323936
1	2	29222	323932
1	3	29222	324358
1	4	29222	323381
1	5	29222	324145
1	6	29222	323790
1	7	29222	323996
1	8	29222	323566
1	9	29222	324307
2	0	4601	588846
2	1	4601	584878
2	2	4601	584149
2	3	4601	584276
2	4	4601	584321
2	5	4601	584069
2	6	4601	584277
2	7	4601	584135
2	8	4601	584498
2	9	4601	584755
3	0	654	3345134
3	1	654	3330828
3	2	654	3333983
3	3	654	3336446
3	4	654	2347903
3	5	654	2347677
3	6	654	2347803
3	7	654	2348819
3	8	654	2348750
3	9	654	2348661
4	0	302	114021
4	1	302	114375
4	2	302	114420
4	3	302	114496
4	4	302	114476
4	5	302	114381
4	6	302	114531
4	7	302	114448
4	8	302	114494
4	9	302	114542
5	0	2342	5242
5	1	2342	4831
5	2	2342	4817
5	3	2342	4824
5	4	2342	4809
5	5	2342	4819
5	6	2342	4808
5	7	2342	4824
5	8	2342	4814
5	9	2342	4818
6	0	80	4198
6	1	80	3961
6	2	80	3963
6	3	80	3963
6	4	80	3954
6	5	80	3963
6	6	80	3958
6	7	80	3961
6	8	80	3964
6	9	80	3959
7	0	270	375547
7	1	270	375594
7	2	270	375649
7	3	270	375395
7	4	270	375169
7	5	270	376900
7	6	270	376526
7	7	270	375635
7	8	270	375790
7	9	270	375170
8	0	240	606
8	1	240	553
8	2	240	547
8	3	240	541
8	4	240	542
8	5	240	544
8	6	240	545
8	7	240	547
8	8	240	539
8	9	240	538
9	0	17492	91055
9	1	17492	91612
9	2	17492	91480
9	3	17492	91584
9	4	17492	91791
9	5	17492	91646
9	6	17492	91458
9	7	17492	91585
9	8	17492	91718
9	9	17492	91687
