0	0	980	19551901
0	1	980	24152738
0	2	980	19632803
0	3	980	19530646
0	4	980	19640301
0	5	980	19573383
0	6	980	19633473
0	7	980	19571821
0	8	980	19585910
0	9	980	19667880
1	0	29222	312974
1	1	29222	313329
1	2	29222	314135
1	3	29222	314449
1	4	29222	313764
1	5	29222	314463
1	6	29222	314169
1	7	29222	313827
1	8	29222	314002
1	9	29222	315525
2	0	4601	570537
2	1	4601	570111
2	2	4601	570758
2	3	4601	570889
2	4	4601	571349
2	5	4601	570321
2	6	4601	571325
2	7	4601	570890
2	8	4601	570417
2	9	4601	570234
3	0	654	2390619
3	1	654	2385196
3	2	654	2397331
3	3	654	2394448
3	4	654	2421284
3	5	654	2436886
3	6	654	2440978
3	7	654	2447835
3	8	654	2491305
3	9	654	2463468
4	0	302	118266
4	1	302	123301
4	2	302	120887
4	3	302	123033
4	4	302	123500
4	5	302	124742
4	6	302	126619
4	7	302	124537
4	8	302	122279
4	9	302	123003
5	0	2342	15503
5	1	2342	13941
5	2	2342	13524
5	3	2342	13384
5	4	2342	12927
5	5	2342	12923
5	6	2342	12926
5	7	2342	12919
5	8	2342	12916
5	9	2342	12936
6	0	80	4650
6	1	80	4337
6	2	80	4325
6	3	80	4323
6	4	80	4317
6	5	80	4320
6	6	80	4324
6	7	80	4318
6	8	80	4334
6	9	80	4324
7	0	270	405486
7	1	270	408773
7	2	270	406948
7	3	270	409207
7	4	270	404781
7	5	270	403780
7	6	270	406715
7	7	270	405518
7	8	270	400261
7	9	270	403711
8	0	240	2196
8	1	240	1888
8	2	240	1904
8	3	240	1884
8	4	240	1911
8	5	240	1894
8	6	240	1829
8	7	240	1809
8	8	240	1835
8	9	240	1811
9	0	17492	159888
9	1	17492	158673
9	2	17492	159180
9	3	17492	158614
9	4	17492	159949
9	5	17492	157134
9	6	17492	156018
9	7	17492	158020
9	8	17492	159497
9	9	17492	159638
