0	0	12	662
0	1	12	463
0	2	12	464
0	3	12	459
0	4	12	458
0	5	12	457
0	6	12	470
0	7	12	456
0	8	12	447
0	9	12	455
1	0	4588	119017
1	1	4588	112914
1	2	4588	112865
1	3	4588	113479
1	4	4588	113765
1	5	4588	114055
1	6	4588	137192
1	7	4588	137144
1	8	4588	137080
1	9	4588	138659
2	0	65	2525130
2	1	65	2203371
2	2	65	2131400
2	3	65	2131131
2	4	65	2130395
2	5	65	2129945
2	6	65	2130264
2	7	65	2131717
2	8	65	2129763
2	9	65	2131166
3	0	206	48690
3	1	206	48090
3	2	206	48125
3	3	206	48117
3	4	206	48056
3	5	206	48115
3	6	206	48062
3	7	206	48028
3	8	206	48010
3	9	206	48018
4	0	956	842968
4	1	956	840006
4	2	956	839872
4	3	956	839832
4	4	956	839856
4	5	956	840611
4	6	956	839943
4	7	956	840196
4	8	956	839726
4	9	956	839882
