1024	3164
322	5428
1634	5069
1132	3566
1159	3433
761	3675
1141	3874
1435	4529
1687	5348
1732	5227
1219	4533
1203	4325
1153	4433
1348	4043
1279	4585
779	3453
989	3264
1559	4997
859	3102
941	5930
1692	5493
1015	3571
1410	4055
972	3094
1035	14798
1649	4721
1534	5231
981	3425
977	3545
1234	3435
1802	4818
1444	3874
1690	5088
1540	4716
979	3566
1612	5071
1519	4425
1699	4057
975	3828
1295	4476
1072	4823
1590	5404
1247	3750
1004	3182
253	4017
908	4291
921	3432
1453	5392
961	3473
532	3531
1131	3249
795	3167
1933	5743
1165	4010
1342	3967
1693	4583
648	3560
1454	4379
755	3371
966	3479
994	3767
1737	5183
869	3334
766	4123
1874	5190
681	3211
1458	4971
1131	3919
955	3237
946	3474
1032	4737
1733	4759
972	3041
1530	5160
1078	3796
1150	3531
1045	3497
1265	3855
761	3681
999	3384
1676	4969
900	4115
498	4347
1590	4599
1189	3968
1033	3208
1405	4413
1163	3795
1251	4334
1674	5197
1290	3783
766	3528
1637	5232
1281	4778
1187	3958
1151	3543
1343	4568
979	3548
1059	4030
1220	3850
1768	5867
947	3007
1569	5448
1073	3258
1090	3447
831	4505
1068	3255
1030	3248
1042	3936
1097	3819
1201	3779
1736	5296
1244	4048
1209	16355
1775	5420
981	2875
1870	5587
722	3831
1319	4325
1003	3266
1450	4195
1664	4057
1759	5158
1055	3872
1226	4505
1036	3675
1131	3944
1242	4902
1258	4051
1672	4798
1634	5007
1559	4933
913	3112
726	3447
1513	4492
1085	3248
1596	4645
1802	4956
1110	3362
982	4039
1413	3529
1429	5657
1193	3821
1210	3503
1030	3908
1557	6008
911	3750
1328	4201
692	3366
1545	5111
1171	3552
1161	3800
1024	3758
1597	4925
1295	4639
1582	5342
719	3177
807	3049
1410	3503
1353	4831
1012	3374
1449	4544
1256	4872
1270	4147
1116	4086
1470	4523
1065	5263
1726	5366
1153	4315
1108	3657
1218	4109
1039	3174
953	3232
1228	7351
936	3571
1377	4157
1082	3236
1105	3210
1069	3461
1087	3884
1205	3747
763	3065
1119	15791
955	3405
784	4083
1115	4278
1622	5321
1957	6061
1494	4356
1125	3815
1678	5323
522	3640
780	6001
1468	5428
1151	3812
1212	4478
1535	13931
810	4486
1495	5160
1148	3837
1149	3778
969	4124
1339	4135
973	3714
1155	4195
1056	3619
995	5035
861	3836
1440	4644
1479	4253
1209	4425
1287	3713
1037	3203
1315	3899
1283	4900
1044	3257
1628	4850
1236	4864
590	3783
1220	4626
1201	4099
964	3342
1205	4064
1449	4638
1044	5233
1280	4781
1111	3349
1058	3711
1361	4372
1005	4453
1726	5212
1819	5820
1556	4769
1106	4537
997	2960
1318	4234
856	4825
1017	4409
986	3618
1744	5363
1670	5792
1394	5006
649	4093
1274	4075
1440	5149
1017	4348
1004	3240
1363	4330
1358	4284
1312	4304
1041	3434
1029	3301
1223	5633
1134	3987
1000	3244
792	3503
1437	4521
1408	4258
1185	3759
1788	5507
1367	4523
817	3498
1067	3630
1889	5318
1836	5180
1162	3482
1501	4950
1829	5523
958	3385
879	3265
1722	5284
1130	3685
1003	3381
974	2816
1005	4231
1609	4784
1054	3016
1493	5112
1102	3553
1034	4059
1045	3272
1334	4147
1145	3969
618	3499
1846	5606
1389	4486
1619	4841
690	5161
1631	4883
949	2934
872	4823
1123	3789
1295	4125
728	3667
1789	5904
1074	4129
1223	3891
1091	3424
1102	3693
1367	4345
1372	4262
1139	3989
1020	4431
970	4276
1188	5017
959	3397
908	3243
1657	5175
717	4215
1525	5064
1437	4806
953	2994
877	3392
772	2662
1590	4864
826	3809
1702	5428
1927	6215
1815	5096
1036	3865
1291	3964
1775	5252
1501	4386
1098	3620
1222	4171
1504	4480
1175	4071
1029	3376
1263	4348
1096	4162
1168	4171
1092	4299
1285	5292
1733	5074
1341	4685
1533	5031
1541	4788
1523	4789
1127	4008
1058	3777
1031	4542
1727	4989
488	4679
1356	4111
1587	4697
811	3668
1195	3863
1070	3718
1078	3739
515	3255
929	3036
922	4183
664	4673
1242	4265
1084	3521
1238	3661
1182	3312
1436	4697
1124	3226
1597	4921
1045	3470
1469	4694
1416	4622
1711	4551
1314	4484
1246	3990
918	4699
1534	4768
1183	3835
1080	3498
983	3194
1592	3994
989	5354
1385	4388
1038	3207
1264	4206
1212	3882
1803	6264
1203	4639
1210	4463
999	3412
1744	5396
994	3573
1375	5395
1565	4771
1530	4485
1563	4796
1135	3791
1295	4474
918	3193
876	4887
1420	5064
1276	3842
1169	4340
504	4273
1374	5449
1141	3697
1334	4071
1100	3113
1848	5780
731	3349
1223	4373
1636	5635
1190	4321
1264	3813
1258	3756
847	3269
1049	3873
890	3608
722	3469
1373	5832
1378	3962
1381	4721
1398	4955
985	3515
1434	4795
1867	5713
1748	5205
1564	4627
1006	3117
1857	6064
1506	5016
1009	3709
1167	4446
874	4400
1066	3373
1449	5071
1500	4532
1083	3738
896	3618
1499	5362
1404	4426
1198	4028
1356	5321
1424	5682
1734	5283
1284	4271
1430	4321
997	3266
1465	4294
1481	4621
1418	4722
1367	4050
1197	3839
1867	5600
1560	4960
1306	5514
1302	4369
1483	4277
1208	4464
1404	4320
1642	4536
1548	5132
987	5093
1198	4330
902	3491
664	2937
1753	5930
1141	3378
1041	3792
1091	3483
1193	3414
1078	4173
1137	3407
1298	3792
1119	3935
916	3184
1482	4769
1786	4892
1000	3832
1252	3584
1536	3853
1225	4178
884	7107
1178	4867
1134	4329
1380	4766
1029	3600
1006	3856
968	3660
1288	4362
1461	4861
1227	3953
1735	5121
1184	4077
1256	4710
1054	3616
1500	5245
1465	4334
1359	3997
1557	4958
1605	5576
1421	4575
1708	5574
843	4589
1439	4543
1498	4724
1403	4446
1441	4380
1211	4048
1609	5479
1393	4119
1663	5481
1012	3528
579	3205
1410	4256
1787	6024
1058	4048
1940	5277
924	3150
945	3443
996	3342
1088	4020
1681	5746
1458	5160
1167	3915
1155	2854
1249	4075
1900	5436
777	4249
1669	4720
1323	4565
792	3153
962	3843
1183	3442
1354	3632
958	3007
1255	4775
949	3068
1313	4049
1718	4949
1313	4200
1569	4121
1280	4649
1198	6963
1041	3178
861	3981
1541	5602
733	3658
1301	3546
822	4434
1151	3787
1359	5003
1414	4808
1433	4633
1660	5673
1020	3253
1207	4388
835	3091
1789	5170
1696	5662
915	4136
919	3561
1349	4836
1403	4529
1328	4209
996	3243
1799	5672
1225	3794
1512	5121
970	3325
1637	4989
870	4184
1382	4903
1069	3350
1241	4543
1294	4365
1025	3762
963	3647
1112	3496
1588	5385
1535	4767
1623	4702
1921	5794
1176	3899
979	3706
1400	4430
1072	3964
1552	4658
990	3355
1030	3393
956	3058
1109	3488
884	3119
965	3494
1001	5251
822	3638
868	3744
970	3359
969	3295
1059	3311
1099	4112
1136	3515
1003	3238
1038	3327
984	3404
1128	3757
1427	4365
1107	3654
1146	3989
666	7105
1631	4900
1757	5449
1479	6465
1119	3551
1706	4996
1427	4461
1548	5023
1257	3975
1444	4157
1394	3971
1495	4417
1291	5361
651	5659
1383	4430
1079	3431
1227	4438
1487	4927
1754	5276
1617	4567
856	3137
1414	4616
645	3371
779	3655
1620	5649
930	3818
1947	5349
1147	3484
963	4524
1071	3468
1342	3823
1141	3853
876	3374
1214	4641
1047	4382
1369	4593
962	3245
1610	4801
1343	4418
978	3486
1641	5637
1112	3603
1812	5327
617	3445
1971	5003
853	3540
1660	5074
1368	5084
1124	3942
1088	3433
907	3257
1707	6218
1452	3709
1573	5845
1434	4337
878	3253
1114	3381
1278	4306
1438	4609
1637	5112
1075	3653
1579	4769
1452	4606
1066	2983
958	3093
1253	3831
1580	4524
1385	4570
1723	5488
840	3722
1324	4188
1734	5002
1578	5570
538	3599
1354	5449
1138	3511
1247	4572
1792	5524
986	3555
1182	4146
861	2516
802	3637
845	3582
1134	3317
1237	4358
1818	5831
982	2847
1279	5031
1341	3951
1077	3594
1553	4657
1112	4005
1059	3080
812	3081
1497	4690
872	3209
1198	6004
1542	4764
1241	3894
1139	3248
1383	4237
1323	4110
1272	5851
1400	4548
1161	4051
899	3880
1101	4962
1200	3858
1296	4274
1035	3371
625	3604
1475	4725
1571	6264
1447	5053
1632	5226
1071	3290
699	3441
1169	3937
1028	3127
1134	3758
970	3347
1180	3605
1135	3428
1028	3386
1546	5143
1223	5497
1247	4097
963	3248
1900	6038
1114	3477
1328	3884
1593	5239
1133	3755
1141	3576
1020	2859
1203	4619
1006	3573
1036	3198
966	3440
1160	4020
1575	4470
1038	3117
877	3058
1034	3259
1105	3937
1273	3896
1091	3712
1768	5776
1640	6086
1750	6316
1593	5476
1550	5033
993	2874
1310	3911
1131	4327
1140	3704
1248	4100
1793	5848
925	3288
1504	4310
1327	4314
1013	2769
1486	4267
1228	3517
1008	3396
1644	6039
1468	4423
1097	3234
1377	5369
1724	5002
1118	4608
1311	3562
1907	6527
1536	3878
1220	3822
1105	3670
719	3644
912	3109
979	3265
1889	6418
1009	3060
1028	3352
798	3398
1783	5067
1072	3809
927	3581
837	3019
1241	3936
999	3307
1004	3056
1504	4883
1636	4975
1355	5320
959	3935
1075	3584
1178	3600
1473	4582
1024	3643
1542	4214
1466	4599
1017	4383
1674	5247
1297	4195
1267	4026
837	3866
426	6248
1630	4883
1207	3813
1694	5508
1774	5161
1459	4484
1067	3355
755	3207
1243	3949
1112	3548
1199	4103
1214	4219
1454	4763
1149	3794
1079	3703
1240	4165
1527	5646
1801	5799
978	3067
1448	4881
1299	4052
1073	3453
1398	4169
893	5500
1073	3702
1168	3327
1578	5010
733	3180
1389	6057
733	3643
930	3771
1642	5406
1684	5361
1240	4143
1131	3771
1020	3349
936	4430
1316	3597
1547	4958
1623	5620
1016	3548
1155	3917
965	3356
1132	3981
808	3606
977	3252
1244	4442
1032	3639
1606	4866
1141	3789
1536	4849
1243	5106
1692	4961
1057	4199
1476	4925
1422	5286
1444	5257
1357	6742
1069	5313
1132	3773
976	3149
878	3292
1159	3963
875	3427
1544	4952
1144	5066
1373	4234
1046	3396
1206	3559
1029	3644
1538	5108
1145	3814
562	2876
1367	4799
994	3323
968	4617
1499	4921
1557	5943
1412	4455
1164	3931
1181	3652
1020	4066
1036	3323
1086	3412
1209	3720
1012	3473
954	3375
671	2925
1161	3315
835	5553
1479	5584
1515	4809
1354	3958
1478	4476
1429	5016
1660	5262
1143	4308
1884	5178
1466	4352
1568	4330
1148	3915
1516	5056
311	4799
983	5389
1091	4430
953	3577
1281	4654
1493	5481
1119	5649
523	4604
1850	5437
1306	4692
1584	4637
1735	5321
1023	3000
1154	4489
721	3461
1559	4739
1623	4778
506	6070
1625	4999
1051	3714
893	4016
1314	5717
852	2917
1223	4788
1235	3334
1649	4807
1140	5302
1865	5674
992	3849
1745	5412
976	3036
1438	4271
1728	5099
1166	3589
1128	3628
1133	4085
1458	4266
597	5740
1870	6041
1199	3948
933	5889
1490	4767
1066	3706
1048	3303
1517	4355
1259	5551
1399	5261
1104	3462
854	2984
1665	5739
973	3145
1758	5540
1615	4788
1295	4182
1096	3698
1033	4108
1130	3901
1181	3616
1050	5186
1028	3383
899	5583
1167	3661
1136	4421
830	3440
1008	3174
1005	6363
769	3905
805	4370
1274	5274
1038	3656
882	3078
1573	4945
1015	3429
1346	4767
1002	4482
1042	3757
1840	4984
1716	5147
936	2948
1059	3807
1779	5945
1063	3803
1360	3963
1661	5013
1649	5114
1354	4435
994	3403
1557	4793
1315	4125
1229	3839
1518	4344
1431	4305
776	2879
2368	7388
2709	7798
2060	5925
2135	6224
1915	6303
1941	6156
2088	6180
2099	7182
1762	6614
1751	7488
2365	7567
2013	6351
2172	6104
2117	6321
2695	7738
2109	6160
2279	7691
1896	6280
2453	6793
2372	10302
1725	6419
1984	6083
1432	5209
1887	5958
2216	7385
2212	6134
2121	6068
2326	6812
2240	7115
1660	7639
2084	7887
2231	8843
2370	6842
1991	6229
2518	8402
1981	5519
2324	6958
2122	6622
2590	6627
2860	8319
2131	6247
2145	7054
1911	6123
2468	7739
2029	7432
2933	8321
1621	7155
1910	7232
2679	7565
1957	7008
2425	7285
1905	5595
2220	6564
2379	6667
1692	4987
2391	6743
2536	8213
2066	6338
2232	6860
2624	7582
2317	6324
1688	7378
2131	6083
2139	7426
2242	6637
2667	7938
2298	7280
2447	7281
1825	8252
1830	8083
2857	8229
2100	7450
1883	7073
1721	5336
2834	8108
2761	6720
2180	6938
2654	7641
2488	7441
2376	7335
2020	6427
2301	6684
2387	6676
2419	8000
2348	7104
2546	6492
2332	7896
1290	7967
2673	7319
1901	6148
1925	6740
2218	6479
2205	7057
2678	8068
2168	5869
2206	7003
2158	6271
1981	6375
2521	7466
2763	8063
1874	6429
2313	8971
2095	7947
2868	7992
1981	8186
2875	7546
1836	6120
2319	7852
2042	6852
1754	8472
2013	8554
2668	7850
2586	7536
1777	5602
2536	8800
2155	7285
1714	6658
659	6306
1491	5179
2028	6347
2443	7080
1993	6134
1215	7393
2259	9814
2551	7368
2539	7148
1944	5816
2402	8216
2023	6084
2866	8299
2049	6373
1923	6010
2035	5786
1845	5701
2283	6729
2598	7648
2433	7579
2041	6500
2741	8249
1336	8012
2142	7281
701	8456
2452	7331
2435	8253
2239	6932
2658	7925
1894	6402
2544	7470
2265	7439
1522	7015
2042	5800
2127	6704
2245	7394
2150	8025
2417	7128
2078	7035
2141	6907
1401	6674
810	6580
1885	6679
2298	7616
1812	7080
2554	7663
1677	5777
2335	7043
2450	7102
2141	6255
1222	9155
2878	8418
2746	7947
2023	6126
2662	7264
2076	6195
1995	6268
2597	7444
2210	7245
2521	7523
1997	7102
1590	5357
2406	7221
1860	6282
2470	5812
1813	6474
1565	6653
2456	7331
2138	6302
2228	7020
2161	6858
2750	8194
2171	6921
1115	6390
1964	6252
1988	5606
2185	6310
2350	6776
2389	7218
2425	6909
2148	6732
2496	6724
2146	8128
2071	6835
2079	8026
1694	7890
1811	6108
2399	7917
2479	7224
2162	6291
2184	6947
2146	6635
1945	5974
2412	6094
1835	6516
1828	3557
2049	6322
1876	6246
2265	6985
2218	7203
2126	6204
2148	6097
2752	7685
1951	5898
2096	6589
2438	7028
2016	6285
2216	6249
2397	7284
2790	8246
2341	7158
2615	7621
1506	6813
2593	6966
2420	7371
1926	6003
2718	7937
2005	6971
2301	7062
2188	6693
1948	6260
2266	7129
1720	7675
2183	7708
1492	6053
2651	7947
2389	7745
2304	6727
2772	7560
2494	7399
2444	6710
2442	5635
2035	6371
2178	7048
1384	6816
2041	5881
1851	7065
2752	8469
2523	8297
1643	5638
2687	8277
2074	6928
2192	7443
2232	6884
2778	8516
2040	6051
1755	7010
1647	6710
2118	6832
1843	6411
1932	7342
2173	7507
2126	6209
1916	5995
2682	7815
2450	6480
2087	7255
2349	8441
2397	6591
2031	6057
1104	8847
2499	6786
1945	6576
1657	5853
2276	7022
1816	6175
1965	6519
2757	7926
2770	6888
2188	6257
2015	9325
1691	5993
2061	6926
2617	7301
2066	7084
1885	6220
2135	6410
2707	7686
1678	5809
2353	6953
2918	8315
1948	6548
2031	7498
2346	7395
2186	6549
1653	7277
2177	6747
1941	5683
2034	6481
2732	7797
1954	7010
1432	6566
2224	7151
1847	7274
2052	6502
2370	6824
1917	5647
2700	8132
2003	7391
2202	8147
1961	6071
1506	6802
2211	6695
2005	6391
2032	5634
1256	5205
2180	6948
2385	6918
1887	6007
1941	5416
1769	6200
2481	8757
2637	7496
2816	7717
2226	7294
2139	6313
2652	7442
2721	7821
2210	6732
2437	7183
1479	6557
2443	8822
2625	8576
2757	8121
2455	6696
2085	6228
2077	6485
1779	6250
2119	6308
2438	4688
2081	5457
2019	5400
2653	8652
2145	6112
1930	5941
2169	6771
2724	8287
2939	8091
2039	5575
1941	7296
2253	6661
2247	6901
2261	6326
2137	7199
549	5352
2257	6152
1631	8786
2477	6898
852	9627
2203	6257
1936	6368
1995	6261
2621	7348
2371	6854
2194	6350
2135	7235
1626	5446
2092	6109
2271	7731
1916	6487
2220	7312
2715	7628
2629	7510
1579	5843
2131	6353
2094	6319
1767	7489
2133	5167
2734	8109
2838	8378
2363	6973
2266	6618
2612	7656
2789	7982
868	7403
2301	7524
2030	6684
2629	8292
2495	7216
2090	7357
1952	5599
909	6687
2302	7400
2105	7189
1961	5686
1948	6327
1663	5755
2362	7007
2131	5435
2061	5793
1992	7238
1850	6957
2618	8236
2408	7109
1967	6149
1751	6481
1998	5247
2157	7119
1915	5582
1853	6108
2793	7444
2145	8677
2056	6527
2376	7402
2644	7819
2826	8373
1712	8888
2271	7886
1998	6414
2328	7175
1890	5954
2612	7077
2731	7690
1530	6056
2173	5741
2020	5843
2235	5999
1491	6523
2003	5646
2620	8913
2082	7205
2075	6001
1263	6120
2237	8672
2156	6613
2039	5996
2656	8152
2389	7700
2171	7120
2199	5790
2081	6614
2069	6352
2677	7920
2688	7544
2148	6464
2759	6656
1899	5611
2289	6643
2006	5910
2025	5386
2040	5717
1788	7787
1746	5622
2045	5871
2804	8282
2371	6498
1998	7603
2457	7385
1688	6354
2291	7150
2755	7900
2130	7349
2890	7987
1993	6732
2661	8611
2132	6188
1366	6452
1786	7163
1784	6955
1947	5844
2009	6939
2742	6811
2053	6350
2562	7817
2231	6606
2569	8089
1984	8378
2076	5681
1220	6172
2729	7581
2449	7200
1789	6257
2092	6041
1650	6185
2279	6738
1998	6485
2026	6651
2675	7802
2074	6947
2191	6551
2815	6952
2160	6301
2012	6387
1241	7365
2828	9444
2776	7974
2216	6054
1961	6228
1957	7714
2636	8325
1796	6364
2226	5513
2307	8166
2595	6886
2725	8024
1748	6890
1952	6758
1916	5643
2430	8253
2540	7257
2407	7019
2183	7600
2506	7609
1932	7121
1647	5138
2293	7457
2075	7614
2093	6702
1229	6307
2698	7729
1658	6235
2031	7175
2057	6485
1900	7886
2356	7123
2562	7800
2341	7299
2151	6435
2513	7020
2335	7063
2024	6835
1972	5183
2252	6562
1996	5757
2090	6465
1537	6340
2680	7328
2696	8352
2080	7069
2717	7804
1796	7621
2385	6254
2250	6712
1983	5640
1973	6185
2068	7480
2076	6413
2232	8256
1888	5936
1915	5753
1473	6838
2745	7651
2107	6558
2169	6437
2574	7815
2333	7615
2647	8072
2372	6776
2000	6207
2429	7575
2264	6833
2875	7668
2238	6500
2647	7338
2635	8326
2274	6750
1800	5693
1021	6640
2305	6327
1797	6412
2290	6405
1968	6269
2731	8088
1648	6369
2311	6225
1749	7360
2550	7408
2299	6940
2603	7774
2867	8491
2120	6052
2311	7869
2460	7137
2355	6925
648	8909
2206	6682
2246	6538
2358	6576
2431	7871
2453	7889
2267	7384
2326	7123
2081	6669
1528	6832
2111	7672
2438	7130
1681	7804
2040	5738
1512	9342
2391	7056
1599	7146
2092	5685
2135	6826
2247	6514
1657	7125
1130	5603
2737	8173
1380	6609
2708	8188
2490	7072
2497	6812
2508	7642
2518	7989
2152	6937
1833	6429
2155	5858
1003	6497
2213	7516
2850	8345
2059	6535
2597	7791
2844	8254
1627	7985
1733	5116
2197	6669
1990	5648
1689	5725
1952	5926
2041	6078
2428	7186
1624	5791
2007	6079
2120	8304
2164	6193
1963	6121
1900	5445
1937	5948
1916	5354
2143	7145
2166	6533
2494	7304
1383	6648
2219	6409
1813	7988
2099	7191
2158	7392
2042	6859
2310	7054
2005	5435
2483	7444
2938	7905
2348	7756
1634	7006
2413	7030
2327	6987
2431	7749
1225	8489
2319	7300
2099	6485
2918	7978
2091	6203
2202	6934
2465	7406
2828	6325
1807	7318
2538	8252
2149	6076
1803	6096
2191	7801
1737	5967
2772	7958
2420	7565
1727	5446
2389	7448
2347	7108
2256	6277
1822	6566
2298	7558
2302	6443
2652	7490
2789	7454
2056	6880
2145	7505
2088	7464
1847	5328
2491	7444
2488	7884
1622	6046
1633	7996
2303	7527
1979	6388
757	8257
2174	6534
2428	9530
1962	6026
2083	5783
2201	7180
1024	6355
2113	5655
1646	7325
1131	7125
1589	5272
1211	6446
2733	8489
2528	7429
2191	8655
2527	4280
2597	7102
1972	5828
2450	7109
2063	6332
2643	7325
1991	5993
1798	6514
2458	7740
1765	5266
2795	7598
2128	6897
2189	6034
2131	7331
1928	6252
2782	8105
2376	7622
1878	5781
2374	6198
1163	5979
2509	7763
2010	6011
2031	5759
1582	6008
2872	8571
2063	6566
2276	7401
1976	5445
2718	9816
2230	7108
1788	5569
2087	6218
1861	6599
2058	6302
2661	7756
2810	8192
1629	8410
2490	7469
1936	5759
2207	6716
2252	6745
1896	4811
2758	8205
1189	6092
1309	8775
2814	8270
2684	7115
1972	6092
1180	6845
1891	6354
2915	8399
1575	7847
1826	5934
2463	7867
2648	8014
1833	7371
1393	5664
1118	8323
2846	8317
2641	8146
2672	8101
2042	6453
2188	6413
2747	7495
2111	6203
2053	6176
2488	8883
2391	6660
2335	6902
1001	6699
2020	6119
2211	6819
2603	7799
2129	7146
2002	6391
1878	7225
2267	6755
1858	6494
1266	6559
2143	5814
1842	6568
2658	7648
1834	5599
2649	7770
2507	7041
662	7305
2133	6813
2302	7617
1002	6046
1430	5762
2075	6747
2591	7423
2156	8074
2050	6243
2567	7957
2567	8574
2871	7689
2396	7843
2457	7576
2438	6652
2031	6315
2043	6836
2121	7421
2244	7062
2797	7692
1967	6251
2681	8020
2481	8053
1791	6309
1661	8498
2337	7198
2387	7315
2541	7089
2624	7536
2192	6111
2507	6980
1524	6397
1155	6446
2547	7790
2095	6946
2018	5736
2349	6554
2434	7453
2201	6270
2839	8657
2046	6174
2110	5422
2313	6690
2299	6128
1487	7156
1521	5830
2136	6395
1929	5954
2812	8488
2553	7826
2415	7688
1936	5653
2276	6789
2481	7330
2025	6062
1984	5598
1824	5320
2474	7329
2051	6689
2491	7203
2596	8351
2361	9259
1550	6383
2679	8145
1600	6916
2363	5806
2595	7612
2512	8274
2253	6131
1626	5940
2065	7146
2305	6456
1674	7282
2061	5954
1982	6698
2486	7869
1375	8246
1260	6684
2251	6913
1655	5641
2492	7338
2043	6487
2096	5453
2045	7323
2549	8244
2187	5975
2492	7182
2618	8640
2011	6455
2249	7575
2007	6461
2567	8135
2482	8343
2416	7760
2657	8230
2244	7756
2667	8356
2480	7306
2266	5845
2101	6509
2883	8123
2598	7784
2626	8054
2727	9290
1790	6392
2013	6244
2543	7570
2585	7475
2519	7501
958	7315
2116	6555
2449	7602
2704	8512
1285	8033
1887	6939
1699	6437
2436	7861
1954	5612
1554	7292
1995	8320
2040	6326
1615	7549
2525	7948
2643	7594
2743	7507
2925	6280
2490	6908
2209	6701
2329	6907
1854	7375
2020	6274
1837	6424
2667	12747
2225	7254
1626	6075
1824	5885
1968	6177
2106	6028
2435	7208
1698	5751
826	6587
2907	8220
1451	7762
1900	5593
1987	5964
2204	6943
1545	6266
1755	7174
2583	7310
2145	5887
2615	8611
2717	8517
2302	7466
2228	7951
1328	8445
2128	6462
2381	7555
1877	5234
2381	7413
2067	7455
2248	8486
1389	7906
2038	7020
2339	7381
2023	6955
1636	8719
1948	5987
2216	7131
2623	7271
2457	7953
1830	6766
2443	6920
2623	7950
968	5879
1877	6101
1816	6763
2153	6357
1785	7907
2022	6487
2714	8369
2036	5709
2394	7440
1557	6189
2556	7015
2637	7748
2106	6343
1989	6280
2515	7175
2487	7445
1919	6364
2347	6934
2365	6402
2465	6493
2469	7228
1874	6048
1876	6125
1292	9161
903	8375
1473	5601
1869	6110
2293	7251
1931	6069
3029	12279
3104	9077
2697	10597
3441	11176
2428	9128
3170	9987
3290	10397
1615	8476
2901	9867
3568	9707
2893	9535
3407	10545
2902	9296
2763	7149
3562	11409
3543	10002
3266	9847
2991	9933
3409	9199
3147	8688
2248	10718
2805	9635
3834	9137
3386	10510
2726	8730
3510	10567
2856	9180
2808	9060
3561	10284
2995	8520
3078	9454
3096	10894
3096	9240
3060	9758
2905	8948
3107	10586
2273	9721
3365	9868
2693	9059
2621	9892
2883	8431
3178	9171
2515	10722
3641	10700
3441	10924
2884	9024
2578	8575
3367	9494
2990	7812
2098	8699
3015	8925
2952	8994
3064	8663
3049	9926
3507	9140
2683	9038
3545	9849
3789	11388
2125	8766
3012	9441
3369	8155
1473	7917
2835	8844
2871	7711
1820	8550
3318	9484
2958	9433
3415	8517
3514	10373
2980	10785
2644	9335
3576	10892
2863	8912
2704	9230
3308	9131
2256	7863
2899	10690
2564	10569
2924	10423
3280	9053
3323	9796
2552	8047
3562	11298
3566	9847
2994	8290
3318	11378
3733	10561
3172	9621
2528	9660
3043	8342
3601	11069
68	6236
3051	10772
3109	10104
2952	7928
3534	11149
2949	8972
1581	11412
3578	11556
2902	9585
3673	10645
2477	8504
2523	8265
3889	10471
3379	8603
3128	8655
3591	10598
2477	9171
2753	8051
3712	9740
2661	8597
3735	11031
3121	9769
2629	9441
3687	9645
3317	10485
3166	7794
2920	8906
3321	10310
3105	10004
3935	10271
2730	8697
2288	8583
3856	11072
2550	9845
3474	10429
2316	9609
3087	9110
3078	9609
3251	9772
1588	8977
1903	8647
2877	8652
3036	9763
3373	10349
2910	9649
3141	8675
3620	10725
2973	7672
2685	9005
2495	8701
3317	9944
2942	8397
2748	8446
1939	9289
3400	10253
1587	10113
2450	10009
3722	10907
2674	10884
3067	8871
2148	9759
3116	8729
2519	9043
3208	9348
1798	9461
2462	8086
3097	10446
2748	8070
2923	9476
3798	10782
3459	10223
3401	10502
3572	10489
3047	9040
3481	10006
2597	11214
2858	9486
3561	9847
2977	9449
3479	10381
2185	7150
2880	9125
2265	9184
3196	8317
1840	8996
3384	9930
3383	11368
2696	10371
3664	11487
2712	9637
2897	8432
3567	10673
3043	8803
3230	9270
3400	10450
3428	10439
2638	9657
3527	9557
2777	8601
3393	11031
2889	8783
2996	9906
3408	10092
1885	9212
3849	11023
3196	9039
3348	9569
2998	10176
3281	9132
3541	10522
2973	9512
2774	9301
2815	8841
3051	8631
3367	10013
860	10036
2956	10022
2537	10287
3068	9145
3668	10748
3492	9660
2688	8887
3456	10347
2879	8072
3152	9291
2948	8850
3173	9798
3157	8380
3260	9758
3022	8953
1933	10472
2801	8767
3103	7709
3034	8928
3788	11398
3174	9466
3595	10387
2931	8137
2548	9421
2380	9284
3257	8298
3324	10010
2184	8161
2983	8722
3124	10383
3548	10301
2943	9108
3259	7036
2692	8658
3226	10276
2548	8893
3278	10175
3376	9797
3443	11594
1369	9931
3266	9564
3342	10759
3301	9312
1766	10592
2977	8123
3648	10538
3536	9120
3372	9258
3029	8805
2652	8770
2512	9528
2048	10284
3109	9606
3774	11068
3193	9035
3774	11017
3227	8890
3761	11013
3007	8849
3487	10463
3033	8988
3331	9291
3690	10376
3439	10604
2475	9413
3954	10257
3012	8517
3324	10031
3474	9817
3762	10391
3911	10671
2992	8777
3110	10109
3577	10659
3527	10655
2912	8343
2853	9508
2999	9203
2769	8651
2963	9212
2953	8542
3630	10088
3132	10423
3135	10215
2194	11288
2942	9706
2931	8130
3771	10634
3001	9371
2335	8843
2947	9134
3236	9774
3453	10390
3550	10184
2951	8032
2558	9947
3397	9522
3142	8978
2458	9943
3213	9825
3453	8276
2741	8527
3752	10497
3406	9837
3568	9800
3537	10471
1534	9177
3375	11058
3570	10004
2529	8969
1947	9853
2704	9959
2733	9652
3471	9750
3067	8940
3217	9797
2401	10699
2666	7912
2995	8987
3366	10084
2853	9851
1464	16452
3462	9113
3355	10703
3360	10892
3419	10845
3770	11233
3078	10125
3770	9891
3410	10825
3009	8982
3084	9259
2914	7580
2017	4601
2349	9284
3101	9578
2511	9311
2882	8337
3113	9786
3430	10463
3521	10648
3026	8723
2469	8621
2756	10875
2651	8035
3304	9603
3079	8748
3210	8751
3053	9727
3100	9824
2567	7965
3120	9922
3596	10234
3360	9885
3524	10777
2514	8380
3200	10333
2435	9029
3075	10158
3007	9133
2174	10408
3085	9595
3135	8913
3121	9608
2812	8672
3478	9454
3166	9166
3195	10097
3455	10876
3368	10106
2974	9986
2494	7961
2469	9011
3084	8758
2791	8717
3522	9608
2707	9887
3136	9702
3282	9310
3689	9795
3278	9537
3088	9104
3517	10335
3007	8755
3274	8546
2704	8510
3133	9554
1620	10234
3331	10319
3292	9567
2372	8019
2567	9476
3292	9345
3432	9757
3476	10411
2812	11427
2718	9992
2899	9076
3232	9692
3324	10210
2757	8477
3038	10033
1919	9050
3143	8585
3041	9737
3264	9391
2374	9127
3163	7818
3223	9183
3044	9026
2365	8617
2852	9017
3457	10701
3683	10408
3655	11061
2843	9132
3190	9466
2931	8721
3163	9990
2066	8745
3579	10446
3443	10457
3256	10762
2922	8060
3141	9446
3107	9672
3756	10354
2044	9414
3309	9720
2910	8113
3407	9305
2834	8176
2275	7752
2877	8454
1873	8292
2879	8296
3271	9622
3029	8298
2327	9761
2870	9653
1657	7710
3214	8780
3708	11009
2309	8812
3036	9115
3081	9850
2771	9153
3002	9141
3136	8297
3429	11693
2948	8817
2538	9878
2934	8377
2710	8665
3211	6500
2971	8767
3359	9647
3147	9754
3354	9178
2551	7064
3846	11866
3331	9019
2653	7888
3178	9273
3304	9296
2197	9185
3211	9577
3491	10160
1530	8948
3260	9873
3260	9561
3105	8835
2472	9253
2942	9039
2107	8634
3113	11469
3401	10469
3665	11234
3185	9652
3280	13089
1592	10234
2317	8250
2826	8482
2765	9425
2954	10590
3096	9440
2905	8938
3751	10471
3257	9559
3387	10559
2969	9576
3104	8330
3363	8971
2913	9819
2301	9949
2915	8975
2773	8267
3384	10621
3505	10730
3620	10869
3305	9435
3017	9251
2962	8273
2974	9617
2977	8481
3415	10035
2831	9683
2204	8905
3316	9332
3360	10538
3671	11117
3153	9184
2947	8974
2836	9566
1685	10811
3123	8501
3594	8965
3081	8712
3552	10118
3198	9099
3743	10654
2849	8691
3293	9682
2819	9526
3553	10638
2973	8795
2777	8613
2396	9607
2911	8120
3746	11021
3885	11439
3533	9119
3579	10779
1895	9479
3179	9199
3080	10211
3533	10739
3283	9707
2888	9574
3759	10829
2741	8731
2459	9610
2301	9011
2862	10570
2713	8683
2359	8264
3067	8362
2928	8367
3266	9527
2817	8123
3139	10101
3568	10063
2668	8536
2616	8413
2983	8730
3786	10987
2929	8825
2842	8524
3150	9105
2746	9247
3666	10199
2421	8224
2345	7296
3756	11755
3222	10432
3347	9437
3140	9777
2813	9350
3788	10803
2975	8598
2732	8302
2643	9908
3435	11485
3537	9826
2356	9674
3173	8851
2432	8626
3291	8710
3898	9906
2484	8752
3233	10990
3040	10394
3357	9686
3585	10135
3018	9193
2745	9341
3199	10131
3005	9540
3423	10239
3285	11275
2818	9472
3276	10657
2848	8247
3557	10519
3851	11197
2909	9860
3045	9519
3284	9655
3434	10293
3136	9667
1718	9306
3542	10422
3794	10599
2863	8711
2213	9560
3123	10017
2214	9048
3228	8690
2394	9044
3233	8018
3312	10296
3767	9882
3576	10967
3127	9092
917	9228
3267	9837
2525	9094
2783	9279
3092	9127
2983	9677
3440	9767
2444	9937
2465	9780
2971	8616
3339	9150
3309	10192
2835	8836
2623	8261
2334	8153
3013	10503
2168	8793
2908	8323
3100	9138
2437	9619
2704	8845
3662	10176
2523	8995
2623	10305
3417	10897
2771	11441
3518	10582
3039	7864
3190	8522
2490	8245
3200	9120
3421	9951
3351	10523
2571	8813
2861	8787
2804	8742
3427	10567
3112	9407
3680	11380
3206	9621
3168	9096
3199	10343
2342	9182
2069	7973
3409	9584
2722	8859
2189	9152
3695	11293
2699	8109
3056	9154
3076	9610
3003	9265
1845	11405
2923	8535
3074	9001
2784	9480
2375	8766
2667	8246
3393	9217
3206	9159
3357	9489
2817	9713
3441	9296
3637	10845
2198	9733
2184	8376
3346	9033
2834	9546
3285	10541
3025	8697
2835	8745
3652	9843
3669	10295
2062	10739
2745	10356
3023	8414
3410	10764
3843	10481
2835	9681
3155	9456
3211	9293
2872	9228
2773	8322
3490	9198
3675	11028
2175	8899
3449	9602
2982	9027
3007	8149
2153	8104
2315	8731
2931	10657
2808	8927
2651	10158
3202	9271
3477	11119
3722	9977
2631	8343
3429	10632
3281	11458
2647	7303
3119	8147
3228	9651
3229	9091
3386	9309
2938	9222
3462	9474
2778	9594
3786	11333
2062	7958
3373	9712
3241	9477
2912	8915
2982	7748
3517	10507
2922	8844
2714	8096
3756	9778
2690	9099
2747	8107
3631	10335
3336	10252
2706	9938
3462	6066
2899	9323
2922	9142
2719	8705
2591	9597
3274	9458
2917	9850
3167	9195
3687	10601
3064	9181
2335	9393
3065	10901
3461	9596
3470	9949
3428	9285
3201	9331
2633	9094
3480	9686
2177	8997
3193	9213
2800	7969
3200	9430
3162	11577
3488	10201
3585	11409
2885	7827
3240	9927
3021	8979
3356	10057
2972	9975
3350	10675
3424	10103
3346	11399
3606	10545
3341	9974
2981	8495
2554	9617
3626	10436
2943	8199
3597	9738
1471	9810
3140	9443
3428	9432
3239	8988
1164	12972
2778	10858
3255	9333
2967	10271
2806	9062
3057	8596
3065	9312
3123	8252
3270	9820
2091	9165
2682	9019
3067	10325
3869	10689
2562	9543
3131	9837
3397	9085
3222	9450
3065	9088
3111	9434
3304	12078
3719	9959
3112	9439
2979	8665
2944	8394
3638	10537
3275	9861
2396	9559
2364	8381
3086	8875
2986	8871
2826	9024
3358	9531
2956	8616
3500	10066
2962	7739
3466	10170
2406	9404
3054	9682
3470	9235
1972	8216
2454	10708
2641	9735
3095	8887
3271	9815
3736	10651
3101	10269
2876	10115
3155	8889
3187	9991
3598	11515
2104	9206
3684	10021
3550	10724
2771	8372
2714	8088
2750	9059
2832	10221
2629	7717
3541	10413
3782	10811
3366	9399
2564	9501
2894	8777
3189	9440
3422	11632
2758	9264
3542	10829
2940	8536
3459	10011
2976	9748
2976	10441
1847	10021
3008	9130
3209	9746
3157	9219
3600	10341
1650	7604
3143	9806
2100	11176
3075	8765
2400	9930
2612	9288
2019	10443
2312	8969
3168	9106
3213	10137
3111	8647
1539	11255
1928	8160
3238	10000
3703	10961
2907	8919
2492	9635
2338	9685
3458	9805
3779	10461
3720	11021
2657	9637
2276	8180
3003	8687
3102	9651
3593	10470
3200	8956
2955	8216
3068	8644
3569	10364
2725	10118
2716	8820
2578	9317
2602	10960
3427	10481
3751	11140
3064	8814
3348	9477
3286	9341
2836	10475
2387	9278
3382	10737
3251	9501
3333	10152
2879	8923
3407	8804
2928	8627
2805	8002
2402	9387
2964	7949
2970	8491
2691	8016
2682	11929
3122	9511
3090	8370
2102	8932
3268	10076
3121	8776
3493	10271
2610	8482
2844	8652
2954	9096
3024	9366
3371	10501
3454	10476
1624	8409
3134	9356
3187	9395
2873	10794
3298	10213
3577	11064
2914	8950
3278	10146
3589	10676
3641	10248
3118	9594
3616	10775
2362	8950
2249	8206
3439	9520
3077	9543
2183	9669
2738	8615
3600	10494
2903	9409
2373	8696
2948	8570
2891	8568
2514	8632
3315	9136
3720	10285
3163	10282
2802	11017
3640	11017
2811	8636
3851	11222
3807	10854
2969	9658
3317	10408
3582	10355
3563	10651
2979	9943
3151	8817
3028	7888
3202	8160
2602	9953
3393	9879
2478	7993
3614	9881
3672	10257
3496	9990
2582	9271
1966	9964
3712	11095
3305	10768
2778	10145
3074	9074
2894	9014
3193	10581
3111	8699
3431	9197
1989	8306
2952	8314
3692	10435
3284	10464
3728	11139
2606	9156
3069	10006
3029	8587
3106	8881
2596	8732
3179	8625
2851	7677
3056	8693
3074	9138
3326	10718
2300	9202
3773	10575
4248	12942
3422	11069
4805	13789
3407	12438
4600	15252
4103	11444
3346	9762
4564	13482
4069	11872
4462	12557
3734	10896
4112	11876
2517	10560
4177	11360
4634	13057
3870	12029
4082	12435
4351	12686
3722	11715
4088	12105
4484	12839
4106	10707
3626	13696
3878	11320
4138	11050
3271	12011
3734	11040
3984	11377
4017	12352
2822	13214
4333	11933
4619	15065
3790	11226
3053	12239
4468	13885
4268	12350
3826	11844
4522	13608
4507	13119
3779	13609
4275	12815
4275	11657
3917	12685
3798	11404
4098	12106
4568	13272
4079	13156
3954	11273
4013	11873
4093	12073
3753	11285
3811	12832
2605	10666
4327	13261
4122	12849
4345	12843
3588	10904
3809	12340
3960	11603
4685	14165
4349	12751
3787	12079
4101	11308
4404	12897
4162	11815
4413	10912
3862	13000
4190	13361
2663	11147
4113	12295
3796	13866
4177	12518
3832	11355
4089	11723
4392	14354
4319	10744
4428	13312
3758	11397
4173	11961
3528	13596
3040	10607
3705	10440
3472	12483
4311	12625
4713	13231
3321	13904
4753	13326
3331	12691
4470	13907
4339	12160
3303	10987
4360	13774
2220	10743
4411	12949
4437	13010
4122	14179
3950	10423
4068	12149
3419	11232
3997	12034
4248	12249
4134	12651
3092	11892
4065	17135
4683	13152
2833	10680
4492	13165
3009	10553
4387	12023
3863	11105
3873	11979
3270	11991
4368	12868
3524	14064
4773	12472
4052	11086
4190	14522
3968	11931
3851	12971
4514	13971
2920	11477
2465	11408
3828	11358
3183	14241
3972	11078
4090	11526
4705	10107
1811	11812
3882	11192
3955	11586
4170	12071
3859	11611
3235	12349
3832	11417
4418	12775
4228	11870
1793	14659
4686	12998
4207	11810
3904	12423
3927	11119
4255	12795
4054	12687
4404	12542
4282	12445
3314	11812
3959	13521
3934	10820
4337	12187
2581	11190
2331	11224
4151	12942
4255	12950
4245	11999
3818	11464
4450	10048
4088	12488
3239	11661
4608	13752
3952	11718
2772	11907
3849	11759
3874	11250
3884	12180
3655	12769
4830	12877
3752	11711
1481	11636
4122	11989
2422	13630
3959	10847
4822	10353
4837	13843
4569	14764
3664	10731
3968	11068
4474	11981
3329	10135
3042	11123
3460	13544
3388	12848
2542	13706
3910	11580
4211	13086
4187	10907
4366	13211
3713	12137
4130	14186
3148	12509
3731	10842
3794	12382
3783	11836
4355	12172
4222	12113
4506	13306
3998	9904
4353	12642
4131	15801
3729	11276
2437	10240
4475	12997
3304	13064
3046	12359
3682	10299
4559	13012
3041	11513
4294	13375
4546	13698
2216	11059
2301	12796
4602	13505
4041	13944
4230	13327
3438	13417
3007	13266
4286	12615
4413	12247
4564	13652
3923	11072
4165	11418
4198	12724
4008	11898
3555	11103
4101	13494
1810	11146
3887	13333
3831	12132
4141	11335
4832	10619
4398	11218
4843	10366
2994	10754
4518	13368
4207	12416
3602	12789
2934	10116
3037	11594
4339	12177
2582	11548
4248	11998
4272	13525
3768	11147
4203	13776
3089	11192
3541	10827
3475	12161
3746	11757
4265	11949
4060	11038
4319	11724
3483	12744
4819	14025
4102	12881
3843	12040
2756	11261
3712	12736
4205	12321
2039	10718
3588	11197
3823	11450
3814	12436
4274	12326
4037	11201
4475	11394
2191	11639
4909	10116
4530	14380
3333	10989
2879	9903
4004	12437
3940	11006
3988	11901
3783	11881
2864	11427
3749	12932
4455	12864
3546	11692
2574	11872
4011	11623
4646	12850
3437	11360
4486	12291
4335	12411
4160	12457
4410	15414
4499	12080
3870	12707
4016	11962
4259	12517
4822	12391
4499	12935
4030	12528
3990	11560
4040	13902
3822	11995
3309	9748
4453	13156
4397	13085
3824	13301
4570	11982
4732	12916
4100	11609
3730	12529
3768	11318
3980	11361
3914	13326
2792	12117
4219	13297
4005	12012
4006	12450
3762	11272
4601	12520
3700	11387
3987	10910
2959	12229
2552	10972
4056	14859
4254	12798
4435	12425
4524	13367
4335	13436
3710	10354
4829	12889
4328	13970
3932	12478
3786	11612
2254	12945
2022	16282
4602	13222
4196	12559
4704	14439
3967	12266
4181	11869
3767	11991
3937	11933
4533	14101
4197	12552
3936	11875
3081	12504
4093	11731
4118	12855
2401	12487
2516	11698
3408	12684
2980	11731
4302	12047
3680	11124
3870	12325
3987	12638
4878	13985
4645	13438
3641	11852
4169	12606
3678	13109
4660	13865
3987	12916
4290	13010
3426	11089
4583	13172
4049	12850
3992	12201
4795	14262
2801	11172
3661	11125
3976	12789
4583	13249
3534	11322
3935	12406
3065	10614
4112	12194
4581	14867
4547	13071
4111	11080
4215	12079
3719	12011
3998	13100
4585	13164
3511	11460
3135	12548
3967	11780
4097	11889
3983	12114
4733	13066
4442	13496
4020	12618
4331	12399
4437	13581
2878	10998
3531	12602
2059	14679
4021	11973
4418	12816
4118	12248
2424	9195
3313	11459
2856	12543
2662	13062
4073	11442
4359	13090
3500	10354
4175	12416
4055	11556
3793	11568
3644	12621
3132	10649
4259	12824
4053	11387
4415	13122
4557	15158
3769	10693
4483	12628
4457	12344
4220	12128
4583	12096
2337	11801
4388	11791
3789	11014
2908	12018
1450	11918
3629	11320
4257	13419
3981	13043
3814	11964
4459	12714
3946	11187
3864	11259
3623	11882
4293	12746
3312	11208
2790	11218
3009	13634
3941	11997
2351	12700
4110	13302
3870	10794
4107	11181
4662	12788
4167	14118
3400	12080
4454	13501
2976	12240
3415	13385
4730	13850
3925	11800
2403	12681
2335	11609
3846	10593
3451	11256
2836	13550
3777	11021
3234	10857
4176	12364
4063	8942
4253	12226
4501	13273
3052	10927
3746	13701
3799	11753
4023	12927
4302	12953
4735	14055
3356	12660
4433	12870
4121	12910
3819	11346
4238	11967
3970	11435
3942	12484
4351	13032
4690	13327
4198	13524
3171	13197
3950	11814
2540	11677
4498	13085
1527	19577
4294	12483
3551	13527
3374	11985
4218	11469
2108	11985
3934	11702
4017	14194
2899	12602
2931	12213
4485	13198
3922	12239
3929	10319
4350	11085
4344	12457
4305	12547
4051	11867
4295	12730
4496	13536
2876	12354
3830	11960
1952	16246
3402	11479
2987	11743
3993	11722
4417	11358
4850	14822
4189	12271
3835	11681
3415	12134
4034	13026
4466	13116
4386	13713
3231	10907
4268	12796
4074	12485
3576	12287
4190	12634
4599	14017
3052	11225
4631	13088
2889	13047
3522	12430
3318	10990
4308	11349
4608	12443
4157	12826
4138	11712
4522	13073
4394	12092
4030	11725
3838	11668
3152	11030
3713	10536
3436	11633
4218	12458
4208	12355
3068	10603
4435	12930
4667	12623
4374	12916
4000	12850
4261	13057
3870	14042
3746	13536
2125	10402
3889	12940
3886	13249
1744	10591
4303	12790
3800	11783
4536	12403
2609	10000
4221	12426
3717	11054
4156	11248
3884	11176
2103	12600
2560	9544
3560	10587
3045	9187
3551	13090
3834	11755
3543	13760
4337	12825
3495	17851
3736	12554
4020	13899
3815	11494
2097	13754
3915	11635
4029	12930
3814	10760
3689	13947
3381	12337
4082	11874
3846	10655
2409	12171
3580	12680
4777	13656
4383	13326
3707	11593
4696	12665
4205	11712
1579	12974
3672	12202
3739	11877
4362	12047
4200	13421
4268	12345
4078	11552
3099	12587
4031	12302
4473	12929
3994	12032
4557	12581
4823	12129
4046	11876
4655	13895
3186	11857
4187	12797
4368	13082
4113	14743
4055	12426
3792	11116
2252	12633
3553	13346
4536	12251
3970	11606
4620	12921
3209	10998
3662	11763
4404	12035
4556	14385
4571	13229
2666	10768
3899	12175
3144	11964
3861	12755
4129	12123
3510	12049
4764	10278
3962	11201
4334	12807
4785	10782
3713	11758
4111	12306
2436	11805
4401	14779
3686	12307
4608	13812
3057	11907
4404	11143
3947	11295
3743	10942
4631	12400
4055	11947
3750	13366
4381	12243
4141	12672
4180	11438
3780	10188
4474	12723
3766	11562
4070	11629
2943	11020
4815	13821
4741	13511
3912	12273
4163	13325
4846	14969
2649	7680
4425	12357
4221	12913
3457	11646
1323	12761
4630	13919
4629	13886
4705	10665
4187	12253
4223	14206
3753	11710
3908	11427
3748	11279
3657	11580
4405	12876
3674	11695
3839	11802
3114	11956
3188	13165
3758	11411
4330	13357
3312	10332
4064	12349
3638	11621
3088	13478
4934	11761
2761	12037
3947	11119
4849	10614
3635	10443
3471	12075
3940	11063
3227	10478
4056	11630
3647	11531
4006	10407
4189	11670
2226	13601
2832	11875
3859	11573
4437	13474
3803	12094
4549	13716
3651	9100
4000	12437
4505	13245
4269	11568
2854	10866
4254	12680
3622	10588
4483	14115
4459	13078
4768	13393
3323	10077
2665	10631
3779	12765
4312	12663
3900	11085
3245	11479
4428	11690
3406	12768
1993	12491
3677	10972
3794	12144
4352	13517
3798	11822
4713	14376
3918	12505
4081	13676
3680	10976
3213	11627
4309	14068
4176	12716
3619	11454
4724	13185
3700	12895
4267	11941
3889	11731
4037	11381
4009	12031
4038	11241
4633	14094
4024	11783
4476	12114
4385	12379
3794	10928
3188	11537
3945	12454
4704	13601
4169	11772
2508	13516
4078	11379
3804	11550
4549	12669
3918	10631
4059	12988
4341	13246
4831	13843
4638	13429
4114	11128
3563	12209
4537	13076
4577	12810
4111	12271
3848	12394
3914	12050
4725	10058
4010	11642
4584	12507
4045	12548
3328	11935
3911	11854
4045	12874
4727	13668
3223	11845
2834	14108
3914	10645
4723	13389
3841	11291
3496	13526
3993	12162
3271	10681
4313	13074
4238	13722
3006	10957
4601	13689
3114	11562
3387	10987
4321	12358
4379	12922
4658	10752
3526	11617
4694	11727
3617	10937
3543	10978
4069	12100
3539	11147
4505	13885
3848	11591
3910	10941
3978	11730
4069	12428
4473	13233
2912	12118
4053	11193
3660	10725
3967	10574
4771	12675
4316	11293
4456	13465
4005	12299
3873	11664
4199	11210
3543	12704
3801	10278
4141	12469
4481	13069
2391	10925
4044	13283
4036	10625
4031	12706
4230	14010
3152	11548
4146	12384
4096	12670
4142	12136
2053	13943
3452	11677
4269	11964
4476	12018
4088	11519
4539	11829
4241	13321
3613	11252
4310	12174
3970	11296
3761	12247
4261	12656
4402	12991
3888	11352
3074	12288
4453	14312
4197	13008
3291	12147
4302	13538
4255	12862
3866	12104
3951	12126
4784	10245
4028	13369
4019	13298
4657	13236
4288	13136
3894	12080
2312	11828
3845	12840
2844	12063
2777	13559
3479	12309
3989	12572
3325	7858
4103	12711
4797	13630
3845	9751
1834	11595
4002	13031
4561	12800
4270	13044
4249	12423
4135	11448
4263	11737
4002	10654
3890	12164
3568	11359
3694	10398
3479	11159
4021	11158
4167	12839
3461	12680
4685	12933
2621	9202
3575	12404
2357	10846
3996	11353
4638	12933
3998	12258
3643	12440
3786	11977
4266	12188
4102	11368
4618	12432
3992	12879
3756	14758
3140	11319
3526	11516
3539	11198
3964	11529
3123	10469
4493	13439
4588	14973
3453	12025
4023	11489
4588	13204
4529	13350
4110	12601
4328	12325
4474	13509
3786	11632
4260	13091
3966	14287
4406	13471
4223	12180
3393	12646
3481	12210
3949	12115
4157	11573
3930	11347
4015	11460
4817	12032
3387	11315
3724	11020
4039	12722
3719	11425
4569	12249
4348	13160
4106	11776
4270	13430
3397	11418
4317	13267
4614	13273
3960	11586
4140	11926
3609	11178
3835	10995
4392	13353
3915	11449
3699	12830
3029	11735
3718	12652
4122	12420
4886	10723
3460	11294
3887	10982
4492	13018
4790	13904
3728	11939
4738	12965
3799	11373
3550	12827
3932	11735
4394	12212
3832	11110
4188	12195
3676	9861
4053	10653
4330	12470
4083	11557
3865	11913
4327	13063
3433	11607
4797	10779
4174	12137
3948	11482
4587	13563
3889	10787
3605	10696
3594	10721
3229	12159
3764	11451
3854	10704
4110	11229
4035	12972
3982	11804
4319	11960
3601	10983
4675	13342
1682	12596
3988	11533
4617	13787
3715	11351
4597	12580
3667	12006
4457	13911
4523	11650
3920	12745
4291	12448
4029	12160
3768	11039
3908	11091
3615	12839
3906	11864
4133	11940
4112	11964
4346	11606
4025	11022
4521	12121
4074	14321
3673	11280
4554	14037
4235	11597
3772	12261
2888	11266
4811	13514
3845	11638
4781	14066
3776	10148
3980	11122
4837	14033
2966	13290
4113	12018
3208	12097
4083	11286
4005	11660
5219	15137
5430	13996
5074	14555
4815	13545
5212	16762
4956	14716
5401	15609
4874	13642
5449	15773
4678	13725
5309	13634
3302	11921
4615	14803
4190	13871
5675	15630
2960	15086
5008	14265
5164	16102
5095	15776
4560	14429
5337	15112
3473	13435
3626	13731
3174	15019
4835	13882
5318	15199
5495	15840
5778	16031
4995	14481
2770	15359
3763	13637
4893	16178
4984	13730
4658	13564
4876	14482
5578	15469
5166	15791
5360	15792
3064	15377
4421	13543
4315	12531
2648	15929
5451	14846
4249	13154
3658	14070
2864	14986
5080	15536
5567	15389
5426	16229
5696	17495
3626	11725
5302	16321
4484	13478
5455	15061
3716	14217
5293	15418
4577	15100
5369	15194
4931	14248
4886	15564
4277	13084
5162	15129
5500	14610
3235	14585
4502	13323
4676	15362
4984	14488
4912	13622
4568	15810
5373	15679
5523	15694
4590	14587
4970	15932
4082	13388
5530	14490
5420	15058
5620	15700
5653	14369
5569	16678
3463	11384
5546	15731
4733	15130
4074	15271
5302	15135
4651	14109
5160	13494
4921	14831
4328	16370
1961	14676
5065	13734
4071	14351
4309	12338
4277	14579
5357	14635
5346	16130
4388	14936
3449	14743
5123	15442
5573	16893
4938	15378
5637	17421
3877	14148
5598	16101
5340	15891
3918	13295
3617	12601
4290	15099
4451	13976
5129	14618
4612	14838
3142	14649
3848	12780
3408	14404
5190	14215
4977	16014
5346	14229
5482	14266
5026	15382
4364	13507
5380	15750
5057	14744
4844	14543
5092	15700
5631	16345
3282	13949
4922	15709
5006	14359
5297	15569
3169	12220
4754	14925
4847	15152
5037	14266
5252	16127
4856	14684
4727	13768
4791	14130
5210	14655
5370	14998
4399	14774
5141	13824
3905	14494
5458	16268
3363	12603
4287	14491
4264	13963
5521	15178
4902	13675
4756	14825
4935	13776
4932	13616
3036	15417
4923	15059
2554	13636
4008	15756
3614	14545
4707	13778
5067	14836
5374	15717
5261	12275
4943	15154
5822	14652
4860	13208
4543	14935
3209	12253
5015	16486
4672	13805
3756	13937
4921	14315
5795	14362
5212	13373
5134	14637
4897	13556
4607	15620
5304	17012
4968	14376
4236	14769
4856	13311
3770	14305
4612	13994
5348	16367
4531	14953
4412	14795
4882	16355
3794	12071
4874	15819
4575	14300
5238	17050
5531	14844
5434	16081
3977	14928
4980	13744
5118	14719
5702	15318
3847	14003
4743	15893
5249	12838
5124	15647
5503	16458
5759	16723
4246	14896
5257	15275
5087	14701
4297	12973
4835	13978
4820	14890
5070	14513
4928	13188
4872	13447
4992	16763
4632	14282
5037	14604
4003	13120
5429	15354
3821	13986
4714	15424
5326	16311
5669	15505
4588	14300
4177	12941
4131	13332
5486	14694
4937	15052
5456	15871
4317	14037
4992	17609
5135	15168
5480	14301
4944	14489
5005	13802
4478	13676
3869	11401
4253	14265
5070	16071
2989	14864
4416	15067
4688	13490
5747	16392
3607	13668
3966	14035
4757	14995
4887	13800
4585	13723
4758	13629
5261	14004
4494	13696
3764	15545
5204	13546
5013	15238
5073	15646
4657	14262
4997	14014
5483	16512
2981	14834
4889	13586
5266	15382
4734	14528
4588	13768
5438	15270
4410	14512
4736	13206
5036	15022
5372	15953
5484	15084
2160	16189
4819	14003
5497	13893
4751	15407
5168	15707
4913	14798
5451	14958
5226	15111
5136	13756
5067	12784
4891	13774
4477	14052
3883	13220
4146	13287
4888	11755
4623	15159
2689	15387
4951	14610
4651	14273
4341	14697
4764	16365
4963	12543
4938	14955
4592	13936
4540	14482
5021	14427
3074	14703
5225	16134
5084	14353
5612	16298
3941	14080
4565	12629
4025	14640
5155	13546
5034	14072
4736	13920
5190	13165
4859	13815
3761	13501
5238	16721
3950	13286
5341	15431
4391	12500
4815	14765
4888	13401
4778	13712
4753	13977
4953	13788
3860	14572
4860	15132
5257	16123
4992	14376
4917	14255
5460	16058
3399	15780
3609	15304
4154	13740
4369	13600
4696	13269
4749	14065
3907	15141
4611	15671
5243	14743
4490	16637
4873	14830
5006	15012
5038	13517
4748	14910
4936	14447
5080	15541
4979	13943
5337	15804
4494	13548
4290	14400
5487	15562
4222	13928
3973	13415
5170	15275
3171	15065
5037	14762
3316	15822
4993	14695
5720	15406
5069	14203
4015	14015
5008	14070
4705	14508
5725	15282
5717	16897
2671	13066
5669	15650
4744	14337
4160	14922
4195	13899
5090	14565
5259	15330
4521	15378
4772	14743
3616	15599
5292	15025
4130	14752
4641	13547
4876	13351
5463	15890
4791	13608
5081	14110
4273	13580
3669	12442
3632	15131
3491	12462
5501	15857
5121	15518
4891	13418
4900	14757
5431	15248
5773	17078
4418	14213
4979	13859
5027	15281
5588	16018
5227	14768
4476	12953
2033	14467
5226	15188
5532	16562
5174	15234
4504	15179
4930	14144
5408	14574
4387	13793
5043	14690
5070	15273
4905	13873
4874	13462
3991	16545
5668	16209
5275	16345
4770	13317
5618	14192
3007	17432
5268	14578
5329	14442
5343	15513
5134	12436
4508	14184
4274	14417
5026	14415
5375	16237
4909	16444
4945	14252
4834	13403
5765	15247
5330	15683
5162	12308
5076	12236
5016	14587
4938	14214
2649	13555
5424	18989
4775	15155
5728	15746
5254	14916
4871	14174
4858	14795
5595	16110
4573	13894
5557	15397
4870	14510
5202	15686
3282	13445
5353	15239
5006	14324
5616	15540
4846	14055
4815	13396
5585	15324
4925	15939
4412	14690
2193	14072
4819	13870
5038	14970
5272	14005
2955	15269
5032	14152
4903	13609
5692	16383
5133	12425
5339	15150
5489	15226
5260	14526
4730	15690
3319	14470
3829	13302
4346	14679
5221	15060
4774	14848
4861	13653
5281	15081
4708	13920
4440	13208
5221	14929
5303	14681
5471	16502
4430	13054
5068	15633
4635	14441
5204	14829
4709	14459
3929	14316
5072	14971
5588	15291
3436	15343
5161	14102
4851	13446
5185	15872
4926	14417
5027	15142
4971	15183
4791	14352
4989	13726
4737	16217
5053	16964
5533	15744
4716	13462
3948	14041
5424	15506
4599	13820
5506	16139
5045	15115
5267	15065
3585	14030
4394	12904
4788	15576
5103	16011
2201	18011
4777	16378
5130	15616
4647	15035
5685	16502
4825	13232
5387	15505
5365	15168
4398	14460
4844	15587
5009	14609
4257	13798
3801	13973
4386	14622
4971	13670
3375	13387
5305	14895
5459	15225
4928	14455
3694	14816
5152	14676
5411	15528
5526	15419
4871	13297
5489	15182
5433	12840
4978	12789
4728	13522
3566	15059
5364	15375
4215	13988
5562	15135
5027	16437
4962	14384
4770	15817
5125	14374
5560	14847
2660	14450
5494	14491
4156	15425
5256	13341
4915	15992
5003	14299
5658	15478
4656	13798
3649	14614
5364	15564
3951	12216
4902	13747
4951	14130
4843	14383
4958	15337
4488	13490
3485	14291
3300	14329
3418	16473
4899	13316
4818	14050
4778	15356
5071	16004
4435	14838
5258	16489
5445	14896
2811	15964
4835	12558
5062	15165
4459	14595
5132	13618
4724	13186
3403	13830
4182	16248
5524	14313
5623	15675
3750	13986
5153	15612
5420	14327
5480	15315
4716	14372
5579	16749
4086	13815
4701	14019
5007	14647
2894	13876
5349	14799
5643	16859
4095	15593
4066	14882
4255	14362
4953	14572
4968	14299
3861	14234
5672	16402
5266	15261
3374	16417
4998	14888
5099	14619
4590	13860
5175	14599
5269	15846
5241	13402
4950	15334
5430	15101
4399	14401
5342	15872
4920	14246
5416	15543
5413	15237
4815	15017
4704	15747
5201	15299
4321	13872
4859	14125
4226	15253
5193	14459
5141	14262
4824	14793
4424	14115
5800	15439
4474	15739
4685	16637
4778	14280
5501	15981
5449	15215
4746	14220
4184	14847
4728	14648
2004	14579
4568	14522
5629	16815
4997	15972
5599	16284
4699	14353
5048	15055
4020	17826
5292	14938
2638	12154
4883	13831
3425	13137
4674	14652
4937	15685
3497	14440
4907	13534
4441	15702
4668	13736
5345	15964
4768	16625
4814	15206
4714	13261
5295	16128
5153	15991
4260	14461
5391	12556
4094	15318
3739	13880
4994	15225
4118	13473
5436	13229
4759	15599
5074	16043
5104	15300
5237	15575
4949	13664
5393	15856
5199	15285
2923	15331
4325	15899
4972	13958
5078	15167
4538	14887
5152	15132
4247	13625
4431	13711
4943	16114
5241	14499
5318	16011
3902	14882
5115	16244
5611	16039
4735	15670
3202	15914
4568	14472
3397	13332
4619	15684
5528	16677
5478	15887
4885	14774
3634	15045
4878	14072
4799	14996
4073	13018
2620	12598
2898	16539
5623	15373
5055	15182
4899	15339
5765	14214
5695	16179
2576	13158
3760	13207
4670	15979
5021	15102
5275	14527
5139	16745
4760	13541
5430	15653
2826	13668
4613	15314
4756	15079
4896	15574
5320	14995
4634	12898
4234	14162
5511	16126
5143	16627
4854	13100
3154	13980
4401	13709
5358	15024
5552	15519
5078	12533
5370	15601
3709	17218
5757	16678
4606	15310
5449	15067
4846	13308
4477	14745
5055	14362
4525	12998
4745	15246
5182	11092
5789	17077
4761	14253
4865	14445
2467	14586
2049	8669
4028	16909
4169	14332
4811	13605
5109	14201
4238	12675
3463	15396
5242	13806
3788	12766
4029	14656
5188	15511
4490	13758
5144	15015
4767	15206
5414	15733
4447	13454
4476	14487
3068	13255
5217	16045
3799	13687
5036	14435
5287	15247
4820	15118
5202	14611
5180	16753
4913	15186
5048	14041
5423	15168
4580	13861
3598	12308
4343	14801
5517	15565
5709	16795
4788	13774
4462	12542
5795	16348
4786	14358
5326	15817
3664	12735
5049	15261
3128	14336
2830	15586
4696	15652
5238	15837
3982	14901
5433	14532
4111	13806
4167	15029
5320	12775
5225	15322
5534	15610
5440	15720
5169	16511
4909	15174
4816	13710
5311	14518
5341	14926
4654	13599
4932	13738
3680	13398
4747	14310
3907	15851
4456	15202
5264	16248
4317	14587
5620	16233
5074	14059
4903	14621
4766	13677
5644	15933
5382	16251
4545	14599
5185	15172
3495	17958
3954	14584
3112	15047
5297	14061
3830	11684
4889	14822
5322	15820
4918	14509
4896	14284
5700	16535
4621	14091
5492	16499
5493	17126
3861	13527
4045	12496
5741	16201
5023	14257
4901	14117
4681	14069
3214	13326
5483	15356
4836	13037
4350	13424
5161	14876
5219	14058
5021	13676
4811	17270
3897	14703
5130	15634
5389	15635
4517	14094
4698	12712
5023	14684
4952	13708
3658	13436
4853	14549
4935	14655
5578	15004
5747	14976
5345	15231
5382	15088
3954	14799
5575	15219
5169	14935
3615	16792
4833	12381
4622	12911
5146	14937
5479	16003
5128	14951
5151	15997
4359	15973
4403	13291
5056	13967
4488	13920
4991	13974
4386	15816
4335	13943
5505	14826
4899	12236
5497	15082
3790	16253
4917	14586
5310	15433
3294	15276
4802	14173
4076	13485
5217	15135
3613	13444
2785	14167
4806	14559
4765	13262
5223	14194
3785	15461
5690	16727
5841	15840
4771	13259
3269	13031
1916	12166
4982	14413
4865	13844
5102	13719
5034	14665
4613	13784
4244	13258
4244	13565
4625	15746
5377	14874
5069	14434
4865	14178
4525	14773
5474	15720
4793	14091
4011	15538
4941	15362
4461	16054
5767	14767
4074	15493
4969	14912
4283	13477
3409	13341
4717	14477
4792	14833
4782	14641
3985	14202
5620	16336
4499	14679
4822	16624
5496	14786
4869	14282
2333	13490
4459	14014
4974	15021
2602	13220
5429	16141
4340	14292
2229	13883
4121	12566
5035	13313
4770	15016
5411	16531
2391	17582
5731	15563
4861	14334
2832	14259
3800	15674
4871	14842
3219	13524
3694	14987
4810	14368
4815	14614
5305	14388
2850	14965
5396	13976
4923	13948
5572	15138
5632	16249
5275	16057
4882	13658
3695	13873
5760	12756
3502	13182
5176	15789
5082	14048
5440	15159
5148	14264
3976	25950
3369	12699
5575	14558
5604	15674
4193	14830
4984	15165
4715	13229
5459	15755
5009	14204
5012	12542
5435	15332
4743	14762
5118	12816
4292	15886
4570	17232
4113	12290
5051	13622
5042	16137
5164	15082
4996	14021
5741	16803
5127	14669
4841	13812
3910	13887
5120	16866
4826	15457
5102	13670
4746	14468
4753	14181
5039	15645
3690	14890
3972	12511
3017	18999
4402	16104
5392	15632
5033	14154
4002	13766
5100	15865
5081	15117
4696	13399
4844	13585
4710	15463
4250	14363
4936	13571
5274	14893
5750	14717
5240	17577
4515	16695
5085	14421
6468	18604
6149	17592
6684	20739
5895	17811
5665	16197
4272	16145
6066	17026
6193	18735
5725	16624
6244	17344
6405	16516
3363	14575
5250	19807
6617	18732
6430	18426
5757	16465
6044	16402
5947	17977
4345	17875
6040	16758
3368	15641
5679	15836
5235	17852
4972	14883
6467	20135
5752	18858
5450	18071
3700	19291
6686	18432
6311	17450
4430	18074
5595	17843
5406	16447
6104	15962
6307	16682
5696	16305
4803	17876
6054	17548
6102	16568
5869	19114
6207	16619
5248	17617
4958	17468
5805	16004
6461	16974
5808	16271
5592	16453
4354	17473
6129	18394
6258	18207
5812	15830
5410	16450
4058	14030
6392	17709
6403	17363
6267	17872
5844	18211
4610	16804
5359	15319
5279	17254
6419	17644
6505	18399
6162	18566
3548	16051
6276	16730
5293	17853
5052	15788
5405	16687
5829	17617
5526	17399
5689	16914
6346	18391
4969	14704
3625	17441
4183	18350
5895	17745
6255	18039
6551	17223
5401	17171
4775	15563
5512	17248
5647	16596
2772	23561
5616	15604
5786	17032
5429	15818
4622	17079
5309	16342
3840	18742
5368	17383
4834	17709
3592	17796
6213	16414
3219	16079
6328	17186
5243	16746
5794	15791
6212	18064
6353	18205
5230	15455
5864	17564
4818	16244
5915	17177
4913	15907
3441	14609
4335	15967
5927	15453
5813	18586
4595	16022
6128	19715
6184	32686
5191	17746
5714	17692
5578	17967
6336	18515
6025	17215
4866	16489
4900	17258
5676	17275
5964	17138
5470	16973
6582	17413
3362	18098
6036	16415
5940	16003
5558	17354
5883	17013
6322	17790
6208	17092
5700	19784
5436	16872
6476	20344
5856	16746
5900	16519
6255	17786
5480	16131
6402	17440
3671	14135
3586	15582
6001	16066
5677	16486
5763	17776
6210	18109
4132	18333
6507	17127
4902	16008
5626	16335
5443	18175
6152	16656
6490	30498
6294	17041
6204	19859
5881	17756
5072	18047
6703	17043
6213	13806
6256	18080
3860	15000
5483	16444
6348	19198
5701	19909
5571	18727
6301	17855
4547	17738
5276	17095
6517	18165
5513	15050
3877	20900
2844	16673
5587	16641
5756	18200
6317	19150
6552	17354
5892	14630
4361	16986
5157	16999
5932	17229
6130	17135
6400	18027
5875	17339
5447	15589
5840	16769
5409	17994
6696	15499
5692	16920
4939	17311
5720	16321
5979	17733
5315	17875
4057	17515
5986	16298
5518	16632
6433	18252
3011	17517
5465	18619
6099	17520
5429	17335
6268	16685
5820	17499
6289	18787
5639	18617
6585	16384
5372	16731
6122	17213
5891	17229
6071	16143
6027	17173
5592	17292
6405	17815
6067	18936
5528	15528
4536	19519
5713	15974
4855	17241
5568	16350
6072	16373
5875	18185
3079	16174
2934	16614
6751	19188
6079	16588
5889	15866
4991	16450
6454	17630
6254	18885
6299	17073
5886	17429
6038	17739
3310	18886
5730	16556
4585	15419
5135	15655
3054	10877
6112	16256
5678	15112
6257	17447
6753	18205
6269	18377
6472	19174
6319	17665
5694	16749
4340	13992
5728	18224
6068	18240
5832	16329
6570	17707
5178	15352
5642	17187
5751	17258
6287	17741
5868	16992
6278	17303
5623	18076
5792	18249
2948	14829
5713	17029
3752	14349
5363	17783
5422	17358
6444	17748
6012	17249
5988	16555
5380	14470
6002	16059
6159	17706
6190	16785
3527	16630
5953	17112
6042	17891
6344	17916
5722	16598
4155	15978
5257	18489
5836	19069
5929	15813
6460	16769
6424	18267
6576	17480
6046	17822
5824	17013
4626	18022
6254	20092
6369	17531
6150	18277
6533	18132
5552	18762
6601	17459
5817	18369
5404	17741
6671	18492
5889	17650
3822	15831
6056	17706
6221	17878
6251	17751
5303	16794
5361	17147
5625	18898
6365	17572
5715	15718
5690	18742
6009	16716
5841	16376
5652	16480
5898	17400
6300	17294
5375	19308
5850	16827
6061	18544
6210	14749
6278	18495
5710	16364
5698	16506
6087	16391
5476	19295
6181	15067
5527	18273
6104	16302
6127	17023
5233	15838
3173	16539
5851	16948
5899	18918
4694	17118
6486	17351
6364	15063
6059	17893
5520	17344
3225	17756
6291	17747
6346	18062
4604	21174
6139	17896
3977	16739
5129	17775
6154	17727
5693	17613
5841	18637
5571	16897
5783	16634
5892	20439
6117	16485
6195	16501
6366	17820
4215	16598
6187	18200
5809	17421
4541	15676
5689	18646
4703	16573
5698	17262
4698	20162
6560	18689
5821	16752
6394	18767
3983	16518
6463	17131
4627	19195
6234	19659
6237	18692
5358	16644
6201	17888
5999	18256
5943	16383
6410	18788
5818	15501
5785	17328
5399	15695
5225	18321
5590	15189
6213	17021
5961	14547
6297	17419
5828	16074
3451	18484
5777	16333
6281	16969
5912	15152
5739	16885
5817	19051
5805	18792
6279	16971
5294	16204
6509	18832
4787	18348
5746	16812
6050	17283
4406	16759
6187	17779
5384	17392
5835	16527
5612	16945
5363	17575
6667	17189
5864	19552
5879	19176
5898	16556
6236	19515
5127	15284
6001	17886
3161	16174
6543	20418
6069	16583
5670	19700
5176	21390
4742	14649
6143	16517
4180	17956
3280	17122
6750	19221
5040	16394
5265	17964
5900	16845
5710	17046
6714	20023
3926	16599
6417	15889
6365	19041
6763	18040
5721	16754
6003	17213
6174	19003
6152	17107
5278	16837
4131	13938
5134	17233
4792	18406
5802	18531
6667	17465
3687	17826
5524	15226
6518	19211
4119	15381
5321	16562
5445	16156
6045	16237
5319	17133
5216	19157
6394	18663
5831	16988
5065	17422
6117	17110
6460	17234
6410	18137
6006	18151
5460	19503
5367	18013
6200	17777
6220	17449
6172	16516
6370	19134
5247	17676
4350	15577
6132	16934
5276	16281
6535	18536
6371	17265
5658	17206
5258	16130
5334	17238
3945	16480
6056	18025
6092	18591
5605	17706
6077	16868
5700	16579
5474	17836
6220	18072
5931	16836
4644	17732
5496	15743
6180	18379
3717	16853
5402	16302
4985	15895
6148	17288
5707	17681
5849	16788
5110	15239
5550	16603
5924	17871
5916	16775
2266	16006
4379	17907
4601	16262
5777	16970
6443	18243
6023	17945
6589	18467
6262	17917
5820	16675
6047	18864
5997	15171
6134	17805
5970	16563
5564	15746
4700	17085
6328	18294
5734	17935
5836	16797
5947	16193
5801	16744
6735	19296
4068	17050
5835	16671
4013	16449
6039	14615
5136	18475
4942	15437
4078	17103
6307	18346
6110	18025
6050	18867
5636	16753
5469	17933
5263	17183
6621	17996
5706	16951
5735	17530
3583	16753
6136	17929
6247	16885
5463	15894
5563	19026
4427	17028
6257	16694
6337	18435
5694	17709
5526	16766
5316	16341
5361	16587
5104	15089
4463	15557
6171	18217
6048	17823
4437	17191
6436	17269
5753	16877
5379	14774
6005	16960
4946	15869
6293	16869
3464	18432
6509	18291
5816	18048
6425	19280
5676	18910
5500	20411
5920	16995
6067	20710
5562	19928
6380	19994
6587	19617
6373	22632
5704	18516
6302	19867
6631	23381
5493	17822
6297	17963
4610	19040
6619	20785
4216	20178
4868	19692
5170	19867
2851	19586
5548	21464
4355	15462
5364	17980
4981	19752
6403	19295
6240	18511
5363	16972
6313	19619
5816	19419
6457	20574
5609	17731
6659	21188
5635	19277
4086	19767
5347	19746
2913	17620
6517	19804
4758	19439
5642	19191
6119	20052
5875	18433
5878	16183
6148	16813
4821	18515
6334	19331
5792	21718
5008	17920
6480	21497
4519	16147
5925	18795
6183	19487
5197	16111
6004	18973
4536	16912
6112	23726
6220	19922
5398	19915
6055	19623
6427	20828
5402	16599
5030	19418
4612	17878
6223	21761
6497	20708
5961	20879
6212	19142
5008	19475
6526	19958
5220	18948
6414	19658
6209	17937
6679	21050
6398	18818
6614	22274
3630	15516
4146	16317
5953	19127
4816	19723
5443	18668
6244	20061
6026	20162
5863	19299
6139	19623
4684	16509
6544	20834
6058	20980
6113	19285
5866	19780
4531	19747
5675	18167
6081	17732
3989	17112
5355	18413
5987	18595
6265	19953
6005	19014
6306	19158
6899	20393
6198	19775
5584	19098
6295	20150
6628	20123
5973	18900
5732	21245
4464	16705
5713	19689
5316	17794
5467	18604
6119	19805
4686	19321
5907	19593
6520	22146
5285	19808
6128	19906
6060	17146
3889	18780
5950	17961
6681	20140
6493	21735
5870	18555
5192	18156
4702	18672
4027	16830
5886	18828
5622	18777
5830	18892
6480	17067
6321	20222
6370	21189
5770	20293
4486	17424
3917	17380
6087	19812
6549	20684
5576	18017
3784	18540
6042	18550
4329	18855
5543	19632
5594	18252
6238	21537
4880	19668
5602	19275
4261	16665
5859	18882
5865	18092
5431	18835
5379	19271
6042	21396
4842	15993
6380	18625
6398	19061
5687	16372
4983	18118
6181	20209
5693	18164
6533	19116
5853	17712
5932	17484
4566	18521
6593	21824
5559	19229
5557	20315
5826	20234
6821	21414
1111	9648
4980	19813
6429	20436
6037	17703
5282	18412
5350	18391
5839	19899
6604	20444
5243	20296
5467	18202
6077	17664
5406	18406
5896	17800
5107	20647
3264	18118
6331	20694
5762	18835
5325	17702
6426	21097
5572	17660
4319	17613
5521	21550
4857	17144
5238	17041
5314	20334
4136	19647
6183	18179
5983	17760
6033	20443
5904	17670
4463	17443
5978	17495
5882	16639
5786	18483
5551	20244
6283	19514
5302	18828
6227	18577
5210	18833
5967	18069
6529	20305
5098	17750
5973	17981
5673	19682
6055	19622
6242	20455
5748	18545
6442	20032
6029	17797
4462	18667
5755	19167
5524	17858
5938	17270
6053	18449
6593	20891
6108	18812
6198	18434
5872	18470
5618	18796
6144	17690
5971	19162
6400	20028
6397	19401
6044	19596
6137	17684
5797	19558
5380	17135
6089	20412
6480	19436
5725	19939
6335	19796
5120	18900
5769	18219
6174	17599
5408	17290
2698	16060
5839	20244
5807	20691
5021	16673
5708	19439
4308	17199
4883	19167
6060	19282
5602	17576
6403	19345
5636	15762
4570	17516
5657	19933
6127	21136
5907	17419
6077	19131
5386	18392
5707	18537
5787	18212
5717	19300
6002	19448
6184	21336
6197	19243
4237	16476
5613	18322
6256	19139
6009	18938
6377	17857
5750	17687
5874	17835
5319	19348
5629	20717
5655	16806
6024	18614
6091	20082
6550	21776
6097	20856
3690	16923
5173	18431
6058	18372
3437	17905
6387	19545
6669	22520
6379	20395
6471	20016
6265	21789
3079	19722
5040	18294
5858	18569
4108	17582
6121	20121
5573	19422
6141	17805
6009	19985
5387	18621
6169	19649
6034	17084
6143	20206
6269	19408
6231	19617
6446	19236
6758	20668
5585	20707
4805	18439
6505	21636
4071	16562
6345	20725
5556	19845
6363	20838
6195	20494
4820	18562
6276	21937
6432	20491
4820	18536
5235	18758
6281	20423
3925	20101
6564	19510
5947	19909
5636	17656
5645	17983
5386	18992
6709	18723
6075	17561
5848	18228
4774	19032
6053	19300
5202	19724
5937	17340
5820	20095
6037	19121
5942	17689
5267	18620
3729	19150
6004	18539
6241	18910
6096	17816
5468	19128
3640	16728
6184	18213
6679	19819
5587	18504
6145	20015
6043	20330
5948	19655
5690	19348
5103	17234
5704	19039
5755	19148
4478	17513
6463	20615
5365	19157
6237	19181
6024	17166
5788	17100
4426	15647
3602	17727
5341	20631
5244	16724
6300	20680
5423	20811
4076	21341
4309	18384
5979	19664
5781	17738
3994	20319
4261	19092
6056	19365
4004	16094
4628	18109
5409	17820
5204	16515
5281	19095
5896	18885
5781	20604
6100	17899
5991	16859
5981	21119
6034	19993
5930	20352
5792	19680
3681	18209
5522	17339
5979	21236
4888	17484
5984	19674
5926	18518
5862	17429
5407	18617
6197	20485
5996	19753
5745	17175
5811	19619
4994	17572
6006	20182
6111	21591
5994	19397
3589	19301
4135	16322
6005	18930
5314	18705
5392	21300
5577	18491
5882	17305
6167	18975
6591	20272
5518	19413
5649	17399
5779	18301
4342	18392
6666	19975
6527	19538
3943	20706
6576	23037
6113	21893
5800	18553
6260	20694
6663	21762
5942	19072
5885	18097
4873	16411
5649	16466
6129	19579
6107	15590
2690	18427
6549	21026
5475	18557
5912	17886
5824	19719
3098	16345
6436	20520
6004	19848
4872	17287
5980	18231
6265	19944
5333	18148
5652	17704
5938	19730
6432	21945
5932	16793
5539	20016
6218	19812
6009	20226
4750	18514
6184	19594
4670	16076
6202	21524
6580	20627
5953	18342
4744	15533
5985	18531
6393	22938
6118	18743
6216	15905
4215	17116
6627	20659
6664	22740
6548	20754
6888	22357
4905	21059
7044	20502
6317	21878
7260	22746
7148	23244
7223	19985
6117	21275
6797	22563
6852	19897
6695	21640
7279	24713
7570	24120
5909	22543
6381	21655
5325	20172
7132	23939
6387	17517
6379	21764
7404	21175
7339	22993
7107	21838
6654	21704
6679	20976
6882	21103
5731	24608
7506	23055
7221	23874
6578	21618
6964	24616
7012	15915
7153	23886
6954	19390
7382	25229
6812	21290
7056	20217
6666	21606
7408	21900
5910	21604
6693	21395
6381	21771
7298	22406
5745	22554
6391	22491
6350	21633
7216	22405
6598	21729
6469	21657
6846	21597
7094	21808
6459	22523
7146	20972
7298	21859
7303	21750
6246	21828
6785	21527
7397	24832
6255	19912
6611	22714
6374	22276
6929	20878
6808	22243
6966	19111
5784	23153
3878	21809
6602	21444
7076	24662
7460	22255
6431	21632
6095	22173
6167	19921
6788	21408
7353	25301
6400	25244
6666	21602
6436	22515
3346	21202
6770	22269
7215	23987
7394	22754
6185	18622
6682	20581
6541	18569
6390	20379
7036	23126
6578	21709
6961	22328
3186	18638
6131	22233
6640	23134
6460	21444
5052	19947
6035	25627
6357	16192
7021	22206
6963	21211
6664	22353
6833	19783
6956	20891
7902	22717
5992	23332
6489	19034
6899	19760
7260	23666
7013	22113
6767	19954
6965	21646
7635	23451
6275	22368
6205	22036
5480	21042
7264	22295
7118	21871
6439	20304
7154	22511
6398	20409
7237	23809
6551	22953
7643	22413
6152	21154
6646	24048
7004	22486
6909	20904
6889	21065
2694	18931
5430	20483
6909	21843
7273	22027
6755	21929
6570	18650
7137	21865
6603	22922
6675	21838
6767	22642
7086	20564
6755	21715
6911	21145
4072	23295
7369	22651
7441	25394
6688	21328
5798	22739
5062	20585
7077	22398
5779	21162
6986	22024
3886	22915
3652	19022
4808	19582
6579	20005
6269	20320
7245	21705
6967	20960
5636	19706
6643	20061
5947	18156
6457	20813
6907	22534
4764	18936
6804	21739
6741	20919
7174	21709
4465	19607
6691	23016
6628	21689
7303	22179
6980	21396
6694	21588
5839	19691
6732	21811
7181	21933
5562	24821
5647	20441
7045	23812
6630	21592
6926	21975
4638	21518
6879	21894
5646	22447
6682	22469
7220	20985
5545	20209
6043	20872
5930	22317
7407	24363
6888	22799
5471	20468
6747	20839
5383	20761
4950	18931
6616	21252
4488	22450
5312	23272
6415	19605
4410	18331
6438	23325
6461	21928
5896	20958
6467	22053
3996	18659
5641	21563
6765	23871
6564	22880
6435	20681
6938	24677
5881	22648
7143	22722
6549	20505
3086	20854
7416	23246
5801	19408
6537	19980
4605	21731
6877	21182
7696	22816
7416	22093
5650	22369
7806	19576
5633	20288
6681	22164
6755	21380
7189	21403
7445	24230
6289	21964
7119	26115
6567	22467
7639	21836
5670	22172
7213	22520
5610	19014
7175	20376
7017	21767
6227	22073
4592	21204
5428	21389
6441	21963
7650	22236
7430	22966
5619	21472
7397	21808
4242	18682
4793	20718
6344	21642
6968	22177
6859	20092
5539	22804
7169	21360
6847	23405
6133	21570
3744	21803
4903	21283
7374	22122
5937	20944
7016	20959
6574	19756
3696	21253
2858	17028
3885	22559
7316	23169
6993	22244
7315	22252
6849	22135
6272	21765
2711	17949
6653	24202
6349	20174
6818	21878
5400	21083
7583	26204
4926	19011
6622	21578
6484	21764
5235	22062
6804	23297
7203	21556
5401	19336
7203	22390
7343	22767
6400	20095
5331	20525
6775	21624
7161	23614
7301	22182
6864	20604
7380	23234
6771	22034
6621	20393
6660	23634
6595	20248
6930	23153
7128	21416
6342	20782
3866	20842
6606	22343
6255	22650
6320	22132
6180	22974
7654	22622
5478	20699
6403	22674
6711	23211
6828	22496
5484	20678
6387	22545
6039	20362
7221	22756
7508	23292
6212	21294
5300	19424
6778	21752
7179	24277
6835	22899
7499	23762
6897	20711
6295	21194
7507	20138
6707	25057
7050	21014
5537	19605
6695	21403
7202	22362
6799	22700
6516	20896
6906	21187
6853	21970
6395	23473
6037	21555
6585	21847
4783	22754
5702	19579
5819	21165
7455	21370
6760	23139
6437	19646
7048	19824
6385	22261
5576	19638
7385	23598
7337	22380
4633	20357
5808	18910
7205	20504
5871	21023
6600	22078
5048	20049
6261	21856
4592	19034
5497	21478
6662	21544
6748	21211
7558	23826
6801	23269
4828	23014
6593	23355
3991	19989
5204	22015
6451	21375
6761	21249
6690	23338
7255	24623
6732	23402
7467	23896
5729	20304
6645	20628
7339	22464
4947	18372
6547	21468
6753	22291
6801	23976
6879	20663
7463	24453
6803	21174
6164	20099
2393	20905
6489	22034
6531	20823
4268	20713
6758	21543
6308	22011
7157	23591
5374	20338
7511	24086
6462	20887
5184	19948
6935	23635
7057	21683
5487	20770
7267	20923
7369	22710
6576	23120
7516	22497
6866	21848
7358	22012
6603	20503
7296	23814
5718	21166
6710	21860
6703	20845
6780	22396
7644	25188
6639	23382
5305	22180
7451	23984
6778	19321
6067	19750
7276	24306
6750	23081
6536	22401
6572	22399
5827	18545
6496	19473
7020	21158
6659	21829
5850	20837
4354	18752
6003	19792
4678	20125
6427	21293
6743	23521
6797	21854
6890	21135
7462	25136
6182	20149
7133	21704
5534	22763
5432	20750
4963	20301
6813	23287
6817	19057
7215	24155
3783	21327
6924	22311
6858	22670
4613	20731
4631	21443
7249	23357
7156	22994
5336	21159
6943	21674
5196	19883
6909	20276
7064	22446
6744	20134
6570	23496
6604	21120
6987	24931
6463	21403
7325	21047
5110	19445
6439	22134
6441	20163
7213	24323
6514	22075
6711	20813
6387	20018
6793	22414
7303	23510
6644	23926
6409	21299
4857	22443
7139	20416
6771	21808
7500	22453
7175	22799
6101	20941
3319	20889
7501	22896
5939	20934
6741	20932
5125	18012
6244	20121
7071	20951
6504	20524
6848	22437
6817	20674
7668	20921
6678	20518
5088	22629
7546	22881
7172	21684
7261	22505
7185	21881
6984	23561
6776	20082
6964	22795
6257	20621
7347	23744
6981	20015
7224	20550
6820	21741
7034	21061
6058	20627
6688	20678
6793	20536
6423	20023
6882	23299
7000	21521
6539	20711
7462	19391
7069	22496
6765	23664
4971	21404
7471	20400
7403	22747
6752	22490
6858	23002
5903	20392
6953	23113
6904	21323
6927	23660
6502	20326
7184	24211
5223	21322
7404	24799
7431	21530
6377	20629
5721	22168
6848	18880
6101	24027
3777	22019
6793	22112
6854	20046
6685	22008
5286	21305
6583	20477
6950	24667
7007	21033
7287	22432
7277	23025
7296	19229
5320	21355
5902	21793
6991	22322
6713	22699
5637	23354
6847	21267
7366	21981
5097	20319
6616	21886
7489	24091
5447	16298
7354	22991
6795	23479
4413	20935
7207	22635
5388	20649
6562	21071
6784	22534
7422	24332
6482	21711
7607	21872
6702	20820
5756	18737
6942	24067
6367	19183
6917	24851
6522	23656
6964	19802
5150	21842
7469	21644
6697	18516
7028	20679
6981	22616
5330	21499
6978	21802
7196	21269
6320	20582
7135	23928
3300	24085
4716	21945
6418	21293
5668	21619
6731	20819
6643	21945
6351	21521
7314	21114
6506	20896
6775	19827
7235	23817
6235	22487
7094	21640
6964	22816
6341	23875
7290	24741
6466	19805
6663	21603
3815	21783
6580	21302
5025	22617
7261	23120
7422	22135
7492	22078
6562	23170
7473	23945
7409	23283
6782	18595
7042	20631
5440	23030
7299	22406
5893	23193
5299	21433
6779	20292
7341	22253
5832	21813
6044	21662
4427	18611
5282	19899
5819	20669
3853	19766
6400	21384
6405	22725
6184	20932
7117	22179
6411	21126
7269	21603
7236	21831
5429	22776
7040	21387
5104	20143
6667	21410
7359	22828
7056	21263
5293	20081
4290	18273
6403	22423
6689	20354
6931	21171
6013	23921
6605	20737
7443	24709
6597	21593
6545	21918
6549	18056
6006	19831
7480	23857
6935	23989
6757	20154
5832	21601
7745	23082
7556	24185
5305	20906
5847	21661
3011	21096
6351	21098
7257	21594
6597	19728
6750	20782
6683	20977
5473	21545
6242	20732
7029	21078
6802	23264
6142	21237
6891	22300
3813	22137
7216	23630
7525	22662
7216	22914
6554	25428
7157	23401
7449	22149
6928	20871
6869	22225
3623	21126
6392	22647
7523	24159
6979	23562
5848	21488
7429	22333
5745	21833
7268	23746
6996	20229
6623	23685
7058	23076
7175	21934
7388	20933
4903	20022
6338	21190
3488	19457
6647	23609
6381	22668
7189	25430
4603	18945
6889	17249
7140	23907
4482	19683
7037	22078
6724	18296
3867	27971
5824	24371
6085	21017
7420	23101
3794	18564
7536	23964
6671	20850
7503	23964
6836	23828
5127	19236
6945	22730
7237	27490
7139	23399
6983	20885
5790	23468
6671	19510
6834	25424
7331	21075
7704	22343
3609	17613
7077	21969
6418	21228
7152	22575
6659	19951
7171	21405
7464	22855
6797	22762
7556	19614
7430	20373
6796	22174
6813	21567
6991	25307
5448	22265
7034	23181
6799	21838
7227	21304
5164	19061
6581	22614
7124	21039
7067	22374
7703	22335
7257	23499
6352	22879
6393	20235
7486	23380
7355	22235
6513	20260
6550	19356
6755	23643
7617	21408
6541	21867
7053	22064
6693	20010
6462	22564
6360	21422
7181	23524
7834	23883
7020	22011
6452	23729
7381	22152
6612	19729
6861	21404
7299	21943
5781	22580
6021	21838
6130	20491
5665	19507
6715	19914
6025	22924
5127	20806
7196	24671
6994	22226
5678	21877
6163	20504
6245	20825
7283	20692
7521	21027
7042	23594
4198	16323
4769	24094
6296	22672
7297	20833
5216	21077
6609	22008
7343	24195
7370	22505
7189	20963
7665	25387
7643	22928
7293	21604
7132	21417
6995	21759
7014	22398
6918	19979
6483	21487
7347	23106
6924	21829
6944	23196
6434	18754
5945	21843
6505	23885
2937	21356
6674	22800
7296	22885
7816	23659
4303	19262
5000	21713
7447	19192
5024	23076
7281	23355
6913	22687
5755	18126
6906	20709
7069	22399
6384	22533
6751	22144
7165	22827
7254	22444
2857	20129
4206	21239
6729	20308
6531	20607
5890	21445
6844	20464
7169	23855
7224	22126
4730	22548
4479	19057
6764	21331
7123	21353
4750	17764
7139	21609
6039	20017
6709	22375
7648	24475
6240	23030
7491	22816
6303	20503
6179	20555
6484	19969
6492	20298
7083	24124
2558	20731
4502	20190
6907	21940
6677	20141
7620	22135
3496	22867
6070	21503
7229	23879
7088	20452
6420	22527
5826	19770
5197	20645
6350	23190
6213	19795
6933	23803
6182	21418
7020	21843
6330	20083
6442	19629
6206	22009
6599	21540
6345	24202
7052	22158
6901	21020
6057	19170
5349	18977
6464	21014
6865	19473
6440	20489
4531	19644
6917	22324
5013	19138
7103	21466
6738	21673
7084	19884
2511	22901
7031	22871
6879	20201
6801	23092
7172	24286
4190	21932
6493	21308
5828	21085
5658	20250
6096	20046
6960	22986
5865	22294
6408	21463
7282	22975
6094	18880
6979	21045
6748	23175
6700	20842
5447	16587
7163	21214
5277	20732
6077	23613
7035	21452
4430	20173
7122	22734
7113	21068
6440	22182
7087	23704
6621	21707
6144	21391
7388	23249
6849	20256
4853	17716
7546	21769
6937	23817
2813	21741
5557	17325
6640	21298
5693	21754
6339	20353
6220	19454
6033	20071
6242	20865
6954	19393
7171	19563
7324	21073
7440	23097
5963	20162
5727	21535
6879	19837
6535	23088
7369	23784
6171	20442
442	30065
6730	21044
6715	21673
7597	22943
6939	21523
6710	21891
6219	20272
6687	22447
7542	22607
7431	22144
6494	20581
6242	21943
6743	20454
6699	21570
6196	22545
6677	22835
6990	21303
3770	26164
6348	22800
6979	20242
7709	23588
6992	23457
3467	20790
7072	21742
6458	22777
7347	22020
6275	22578
6581	20089
5843	23212
7018	22311
7521	23344
6897	20029
6534	25324
4289	18802
7605	24237
6564	21475
7307	22097
7162	23109
6542	22694
6614	22210
6928	22026
6901	22574
6108	21227
6734	19329
6950	20492
5439	18718
6410	23601
7269	21415
6498	21289
6893	20381
6251	22823
6555	22154
6063	21190
5404	22446
6212	21700
4261	20380
5694	21595
6919	21071
6477	32462
7148	21040
6959	23263
7184	22626
6963	23430
7163	21342
7181	22534
6697	20554
6898	24195
5176	21545
7166	22800
7453	22686
5728	20406
6461	25087
6253	24312
6628	22750
7623	24694
6818	20602
7146	22583
6756	22545
7621	21520
8191	24551
7647	24595
7449	22941
6849	27273
7599	26533
8598	26333
7698	23323
7740	23265
7247	22899
7715	24463
8191	26233
4743	23645
6384	22142
7685	23582
4056	22532
8229	25831
8157	22731
7402	22577
6785	22743
8037	25616
8008	23709
7905	21830
7283	25410
8328	24991
7786	27843
6976	24224
7850	23081
6966	23229
8107	25577
5662	21137
7735	25202
7438	24464
7910	26517
7549	26258
5994	23629
8166	24826
4349	22986
7348	26417
7980	26011
5898	26416
8131	25847
5779	23208
7807	22686
7072	26898
5131	22874
7896	20836
7764	25743
8111	23906
6989	21414
7815	23848
6411	25859
7748	24734
6863	24014
7822	23985
6652	24419
8134	24394
7598	25434
7930	25968
6391	24488
8209	26572
7804	26078
8505	27022
7582	24344
8710	23963
6140	24004
6794	21841
7704	22018
8458	25038
7906	23984
7836	21790
6495	23249
8466	29504
7873	23653
4810	25295
8377	25464
7448	24660
8107	26421
8079	27344
6799	24417
7909	23867
6310	26343
7854	25273
7851	25980
6031	25655
7182	23061
7089	25246
7994	24585
7719	27730
5632	25538
8442	24899
7742	28028
7573	26741
8073	23666
6480	25707
7425	22786
6057	23756
7872	24879
8610	25736
5435	26094
7359	25014
7939	26624
7866	25435
7806	27058
7422	24071
3925	21758
7743	22366
6032	24392
7995	27249
7110	25839
6316	24081
7467	25763
6255	24006
7138	21774
4002	23359
7796	23883
6999	22313
8104	25776
8572	24771
5840	23809
7742	22261
7320	24611
7300	24331
8069	24791
8439	24674
8723	24770
8327	26343
8273	24347
7637	28243
8114	26138
6531	25400
7728	21821
7936	27084
8672	26811
7869	27538
8444	25383
7213	23012
7395	24004
7144	25023
6587	21876
6258	23150
8320	24461
8705	26453
7841	24762
7620	24091
7792	26167
7215	26029
4983	23409
7109	23312
7178	26117
7819	22309
7754	23688
7016	22634
6833	22163
7915	27495
7580	25677
8263	24808
7267	24951
6395	22341
8038	25337
5696	22460
6436	23865
7861	22374
6261	21944
7975	25390
3911	20542
7400	25833
6286	24805
7437	24572
6083	20210
7721	22779
7085	24480
7191	25571
8154	26677
7698	27964
6463	24636
5942	23569
8509	28030
6679	25483
7441	25875
7409	25158
4993	24439
8101	24456
6944	23690
6909	23257
7570	26885
7097	26756
6911	25257
7680	23995
8049	28030
7670	25944
8069	24046
7409	25329
6970	24656
4461	23719
7754	23602
6607	23737
7709	23687
7895	23646
4734	29100
8620	25896
7838	23644
8069	22427
5040	26087
7692	24717
6732	24493
8682	26757
8438	26083
7682	23170
8217	25898
8540	27422
5699	24599
7271	23069
7778	24070
8289	25572
7886	25605
7836	25881
8068	22558
8002	25125
8594	26002
8287	27762
5397	22419
7761	19654
6645	23121
8093	24481
7812	22677
6454	21816
7853	26978
7288	24727
8172	25514
8565	27371
7755	25880
5729	24537
5832	25087
8585	20108
8222	25167
7871	24890
6797	24597
7319	22816
7191	23316
7261	25605
8009	25405
6756	22235
7957	25328
8289	26943
8466	22663
8190	27307
8374	24249
4780	18108
8608	26770
7641	29245
6966	20802
6265	24547
6593	21463
7667	34230
7956	22911
8251	25192
8041	22394
5606	24227
7191	26106
8409	26548
7289	24155
6319	24562
3358	26957
7957	25612
7421	23879
6710	23148
8474	28335
7443	25245
7221	23110
8139	21864
6212	23974
7856	25999
8202	26144
8166	25076
6920	24276
7632	24627
7494	24099
7765	24721
7414	24670
8383	26463
7603	24301
8146	25511
7085	24710
7316	21542
6908	21203
8426	25908
7012	23556
8475	27198
5790	22341
6912	25969
6364	21330
6447	22567
1241	21483
7627	24727
6114	21233
8156	24801
6697	26284
7694	22450
5874	25304
5224	25081
6939	27130
6032	22754
8302	26082
8228	26281
8245	24488
6222	25181
7979	28534
4160	23358
7741	24234
6426	26287
7612	24831
7914	20696
7610	22269
8099	23874
8395	26176
7337	24185
8164	26704
7948	24982
6507	23044
8406	25907
8180	23585
6808	23845
7320	24331
7943	23202
7538	22040
5796	21559
7478	24057
7972	25007
5286	21457
5549	25877
7758	24978
7051	23659
7971	23999
7134	23691
7746	22311
7425	25351
8321	27703
7330	22416
7058	27378
8344	25503
7829	25856
7767	25317
5868	26871
6944	24508
7103	25650
7895	22994
6727	21514
7486	24864
5648	25406
7956	25995
5012	19375
7413	26306
6511	21706
7632	25986
7196	24161
8421	26143
6372	22685
7786	22105
7155	23169
5915	23991
7813	24105
7518	22939
7068	25103
3045	24047
8431	27707
7233	26893
7383	23715
6606	24458
6786	24081
7438	30782
6905	26700
7123	26260
4475	25606
6271	23016
4731	24591
7952	25168
8049	25462
6693	24823
7652	23924
7517	26372
4225	22525
7362	23908
7677	22184
7575	25544
8496	25086
7091	27087
7852	22952
8155	25066
4648	21444
6541	23982
7898	24828
8537	24774
8607	24998
8476	24403
8518	22750
8557	27424
8485	25504
7555	26996
5370	23075
8221	24001
7390	24600
5824	25241
6183	22260
6746	28589
7858	25134
7890	24005
8365	27883
5864	25499
8067	27441
7847	22291
7560	23985
7427	25465
8101	26226
7792	25969
7779	23779
8261	24849
7700	27320
6899	23584
7819	23224
7287	24477
4316	23921
8145	25359
7896	24335
8115	25729
7907	26264
5672	22235
8442	17949
7801	26453
7716	23535
7858	24174
8073	24440
8182	25904
7659	24804
7377	25260
7663	23395
6747	22842
8164	24790
7721	25552
6962	21672
7695	22767
7574	25365
8018	24467
7898	25619
8069	24209
7515	24973
7724	27250
6868	21024
7367	25156
6180	23955
8111	24205
7576	24883
7501	24061
8262	25295
8171	27050
8730	26613
8517	25656
8192	25347
7594	24535
8404	26816
7267	22328
5880	23471
7733	24367
7269	23144
7488	25343
7555	22522
8468	26870
7993	20413
8078	23309
7578	26206
4255	25208
8007	22824
7202	23669
7161	23009
5713	22487
7623	26715
8452	25946
7453	24317
7985	23879
8118	24669
8350	25861
3072	24286
7310	24695
7624	24151
8049	22957
5757	23701
6394	24967
7896	24180
7657	24101
7761	26367
8570	27186
6482	24191
6576	25315
7722	24006
7268	24988
8100	24827
7383	24271
7908	26552
7711	23447
7472	24488
7512	24688
7978	26534
8180	23591
7666	26345
8273	24961
6441	19838
7820	22118
5866	25002
4029	22156
7109	24569
6786	26720
8077	25908
7451	23295
8201	27341
7929	25823
8051	24174
7826	25855
7123	23218
3992	26567
7297	24629
7742	23457
6585	23882
5875	23011
3980	22580
7673	24882
7600	26336
6112	26402
8060	24439
5138	20969
7024	21996
6652	23979
7286	27354
5954	25122
6748	23973
6357	25054
5343	22533
7834	25765
5703	21201
6244	21914
6093	25072
8521	28053
7641	26932
2235	26920
6998	24426
6837	25814
8524	26781
7952	24952
7144	21872
7407	23963
6067	23835
6005	23855
7590	27363
5797	24009
7558	22722
5606	20181
7680	26728
8346	26555
8048	26639
6291	25997
7719	23940
7734	23676
7972	23709
8109	25133
7861	26065
3289	21752
7011	21980
8731	27888
5579	23469
8387	25929
7043	21966
5261	25151
7576	23818
7454	26961
7804	25377
7486	23377
7688	25319
7892	25224
7831	28530
7721	22092
6767	23329
7743	25309
8184	27780
7720	26643
7364	23520
7147	23719
8015	27234
3917	26764
4701	24557
4149	23670
7789	25143
6289	24093
5918	23503
7650	27427
8452	27808
8036	25015
7516	22763
5149	20388
7680	25216
5663	23794
8433	23291
6771	24153
6509	23262
8250	26102
7714	22666
7657	27122
8358	23666
5720	21780
7404	25560
7723	22980
7749	23053
7469	23043
7598	25673
7906	22980
5932	24406
7684	25079
7766	25553
8407	24385
8066	24793
8331	25402
8255	26440
7125	25608
6824	24134
8120	23139
7964	26831
7858	25264
6164	22480
7858	24620
5866	25472
6312	22694
7819	25738
8248	25675
8152	24061
6270	24030
8207	25785
7998	24465
7801	23978
4253	21535
7591	24898
7629	26746
7879	28634
7608	23829
7436	25905
7183	23612
7650	24876
7787	24838
7050	21149
7861	25702
7659	23952
8135	22634
8334	29297
8116	24505
5580	25204
6746	22815
7525	27249
7865	24263
8352	27860
6374	25031
7400	23586
7744	22463
7864	24134
6332	24131
7942	24827
7458	24895
7947	24531
6132	22082
6852	22623
8234	28360
5890	24363
7104	27522
7951	23330
6201	25583
7519	25785
7689	24730
7505	22903
7074	26355
6173	24210
8012	25021
6645	20901
6478	22695
7813	25534
7248	23004
8291	25549
5802	22166
5456	22671
5561	25524
8470	23105
7618	25630
6593	22864
7556	26282
7300	21091
8032	27288
7875	23883
8237	26295
7726	24481
8537	28039
6747	26285
8009	27998
3110	22489
8517	28758
6093	22976
5721	23341
7571	25494
7767	24219
6785	20812
6954	23391
6899	23758
7674	24857
7843	23352
6249	24715
8448	26516
7006	23921
7798	26138
8095	25680
4287	24668
7847	26475
7149	25973
7851	25005
4882	24918
8251	25308
3555	23250
8309	25348
8318	25074
4556	22869
6889	24053
8372	26295
8079	24766
5762	25380
7138	23783
8201	28392
7680	23469
7696	22534
7860	23887
7975	26146
8205	25827
4251	23300
6056	25102
7921	24690
6582	23026
8002	25598
5424	22171
6809	23501
7868	26171
7472	24786
5265	20587
8019	24888
8386	25927
6910	24551
6604	22673
8321	100512
7333	24253
7324	23410
4796	19670
4208	21320
7683	24668
7234	24035
7462	24956
7023	22552
7376	23223
7317	23430
8166	26049
8223	73134
8247	24212
8018	27702
6258	22509
7647	24308
7476	22577
4657	26481
8256	27427
8555	24797
8649	24062
7780	22721
8006	23652
8518	30249
7483	24328
7330	23804
7644	22983
7601	21720
7778	23751
7692	26151
6990	24175
7481	21978
4378	23846
5913	24819
6473	23155
7964	25072
5300	26565
8152	24053
8329	26130
8034	26116
7354	24268
7607	24092
8096	27421
8263	28176
7211	26026
6726	24344
7863	27360
7867	23682
7218	22351
8227	24336
6357	20732
8100	25793
7759	22890
7314	25539
7377	23791
7690	24132
5071	23169
7506	24422
4852	24632
8108	26798
6717	21575
8257	25847
6637	24523
5103	22977
7615	25805
6726	22107
7940	26162
8457	25267
7798	24081
7368	26868
7832	25543
6686	20759
5296	23779
7534	25258
7813	25974
6586	26662
5339	25423
5715	21327
5739	21387
7493	23569
7631	23910
6911	23595
5496	22414
7765	24952
6941	25446
8429	26357
7454	24970
4582	17804
7930	24415
7472	23762
6278	24951
7092	23273
6724	25451
8323	24318
8318	26224
8390	27526
7713	24636
7926	25527
7365	26331
7912	25318
3769	23480
7986	24688
6561	26601
7259	24024
8234	23188
7173	27049
7708	22058
8683	28504
5879	20291
7916	25824
7634	23926
7614	25897
8357	25652
8115	24935
7269	25459
8165	26591
8036	26872
7856	23102
6708	24594
7762	25058
5510	24485
7911	25412
7528	24182
7599	25723
6366	22575
5243	22790
7946	26336
8150	21646
8433	26213
7224	26392
8129	26829
7812	25578
7902	25852
7498	24551
7742	23773
8383	27203
8340	27921
5695	21936
5220	23111
7767	24974
7818	24412
8541	26982
7732	23988
7632	25116
7913	24879
7672	22985
8192	26835
7871	25629
8091	25177
7532	24218
8100	26005
8379	24846
7447	25404
8430	25997
7906	28466
7627	26218
4857	24357
7859	24979
6873	24413
8104	26652
7176	25003
7113	23610
3750	23790
8377	26847
6737	22791
7734	24185
7911	25911
8001	25922
7973	24792
8050	27370
7917	23749
7425	26666
8459	26018
7183	24690
5895	23209
8388	25768
7654	25385
7445	25698
8061	23867
7944	26394
8192	24116
5972	23536
7678	25408
4189	22855
6668	25295
7733	25628
4638	23923
8477	26807
7995	27693
3937	13980
7422	24252
7831	20591
8080	26473
7977	24970
6966	23917
8196	24882
7579	24446
8012	23653
8301	26199
7762	24054
7700	24632
6698	25083
6760	25122
5188	22784
8283	26981
7643	26363
8414	26824
8148	25332
7703	25669
7810	26015
7790	24104
6940	24676
6721	22342
8189	22331
7099	23885
8187	24457
8015	25490
7284	23469
7898	28276
7996	27037
7831	26638
7846	24745
6809	25064
8030	23908
7162	25248
4587	22864
7307	22421
7204	26745
8205	27741
7655	29073
5700	24951
6999	23491
7887	25583
5163	22879
8277	26420
6859	26696
7905	29025
7847	27191
7382	24806
5359	24668
7279	23329
7832	26331
8065	27377
7792	24225
7905	25256
7648	23288
7975	27685
7270	23284
2816	26481
8280	25566
7828	26773
7659	24982
6568	26953
4158	23786
8313	25228
7651	25786
8790	28961
8453	26931
7674	24818
8773	25933
8558	28767
8960	28934
6879	27486
5433	25625
7819	29545
7869	29760
8355	29294
7981	25246
9220	31001
6769	27380
9420	26327
8916	30809
9316	33273
8787	29330
8417	25709
8390	26159
7195	27321
6625	20897
9444	29146
9160	30277
9456	29421
9060	28408
9104	26705
5944	26019
8059	28695
8513	27557
3889	25385
9402	28875
8266	31353
8774	27291
8837	25316
6380	27942
8695	28579
8615	30247
6041	26554
8481	29068
8792	29499
9110	28599
9064	28307
7067	26738
8656	27994
8599	27841
8587	27061
8758	28996
8212	28762
9245	25978
7610	29014
8474	26885
8351	25635
7906	26513
8789	28308
9429	31788
8909	28566
8323	27938
8604	27031
9464	27749
7121	26676
8278	27198
8835	28079
6906	27987
8661	27534
8765	23682
9271	30323
9073	28931
9010	27232
9102	29445
9103	27982
8633	26680
9234	30552
7749	28161
8731	28294
8657	30421
6529	25095
8852	28545
5244	29738
9232	30005
7498	25900
7733	27479
7505	30063
8672	26798
6847	24232
8483	27340
8280	26743
9495	29020
8902	27927
8846	26931
9124	27984
8129	28162
8758	24481
6694	27650
5647	26168
7637	24964
7369	24954
8443	29272
6258	25301
8737	29497
7738	25462
8596	25841
9055	27703
8996	27991
8159	28734
9279	29673
8829	24957
3112	23434
8416	27949
8447	28059
8391	25984
9219	29731
6874	28839
8897	28766
8826	26617
8443	28673
8658	25116
9404	29318
8033	28043
7479	27239
8749	27707
8168	29761
9523	51277
8402	28897
9269	29089
8356	26965
8813	26015
8961	27556
8722	26907
8234	26950
8771	26451
4371	27955
9480	29141
8370	30458
8314	27788
9004	28361
9043	27759
8646	25893
9377	29188
9038	30273
9234	30416
8835	28939
8531	27587
7712	28508
9328	31034
9053	27588
8366	25091
7781	24284
6875	28072
9640	30755
9030	28627
7766	26255
7916	25311
9461	27369
9035	28261
8498	25725
5984	25319
9090	28577
8974	27983
9076	24531
8684	30742
9193	27142
8854	29456
5155	23762
8463	27175
7721	28135
8104	27283
8435	26272
8004	29348
8961	23426
8156	26913
8034	27811
8545	27804
5250	25710
7514	25168
7803	29270
8784	25378
8673	28242
8836	28995
8818	26652
8478	25003
8712	25880
9165	25466
8549	24098
8117	25845
8692	28939
4812	25642
8499	27005
9758	29368
8212	26196
8637	28584
8583	26847
8658	26066
7413	24455
9060	28964
4812	26942
6155	28389
8047	28604
6162	26918
4896	22846
6414	27239
8360	26130
4873	22449
7223	25704
8788	28028
8909	29192
7959	29961
8682	27464
6615	24551
9356	28148
8760	25672
7813	26894
5103	26294
7429	24488
8670	28265
8306	26944
5848	28990
6171	23854
5382	24836
3403	23781
4095	26708
8758	31786
9064	27430
9363	28402
9285	29169
9002	29851
9044	29384
9041	27232
8723	27189
8490	28005
8993	26838
9201	29716
7226	24184
6291	29787
9317	23026
8926	27660
4910	22776
8031	29273
8579	28333
8724	27565
7161	29188
8837	28593
7618	22817
6448	26171
8006	26266
8205	26984
9061	27527
7334	26072
8342	27860
9339	28649
7009	27141
8974	26196
9082	29662
8806	30084
8796	25457
8015	28147
8224	30295
7406	28986
9868	27225
9272	29013
5697	27584
7726	27665
8876	30798
8149	27709
8342	28861
8532	26192
8594	24968
8666	24094
9229	29695
7513	28586
7111	27379
8736	28260
8381	27184
6498	27309
7499	27131
8248	27184
8584	28177
8788	25528
6796	26851
8792	27499
5690	26281
5994	24613
7239	28058
9138	28000
7121	25472
9201	29182
9472	30808
8860	26481
7848	25536
8783	28495
8772	27171
8915	28229
8664	29119
4942	25642
8116	27121
8458	25945
9192	30508
6708	27715
7999	27375
7649	26492
7104	26210
5454	25804
9196	27805
9228	26523
8901	29271
8415	25925
7866	25905
8360	24926
9381	28957
6433	28635
8698	31096
8379	27725
8003	28657
7024	27451
9457	28095
9048	29316
7067	23434
7830	30474
8488	25926
8164	26985
9077	25182
8346	26766
8702	26525
8597	29323
9245	29553
8400	27123
7693	25984
8447	26713
6631	29287
8815	27032
7751	29882
8131	27779
7987	27256
3976	24112
8672	24444
8562	29027
6498	27150
7398	27934
8734	31264
8600	28041
9128	29842
8461	31850
8462	29851
9566	32126
9301	31989
8524	28807
8418	29777
8056	29274
5724	29065
8992	34153
8504	31436
8220	28557
5151	27536
8421	29455
7212	25816
7807	30000
4771	29981
9005	29281
7178	31049
8134	31865
8634	30482
6746	29359
8886	31667
9069	30407
5163	27345
8695	29409
9155	30003
8595	28558
8703	30226
4153	25465
8957	30571
8792	28433
7146	28136
9458	24928
7995	29369
4070	22099
8415	30435
9092	31923
4261	29625
8773	31171
9093	31240
8932	28628
8543	29611
8430	28606
5754	23479
8336	28628
5727	26349
9201	29998
9165	33540
8840	30682
9080	32300
7334	24973
8594	31717
6863	28422
9231	29823
8461	29332
8956	27055
6942	28425
8787	30518
8849	30037
8728	29635
8500	28065
7720	30811
8153	21456
9023	31196
9316	32716
8352	30658
6297	26392
5155	24026
9038	22547
7220	28518
8512	30644
8624	31631
9137	30395
8923	26863
8791	27337
9120	29882
7799	29743
8918	30283
9134	28709
9414	32182
9096	31662
9104	114475
7724	30152
4837	27904
8458	29119
7638	28018
8091	29010
6432	25109
9012	29671
8761	31512
8840	26314
8680	31854
8845	29066
9024	30737
6726	26654
6889	29951
8577	32227
7312	28200
9056	30788
9429	32037
8981	27436
6332	26880
8554	30668
7306	29587
8723	30201
8395	29378
7332	30108
9287	31082
8345	31272
7579	28986
6774	29198
9595	30264
8150	25663
8775	28370
7857	28079
7992	29244
5986	26137
7148	29909
9321	32077
9149	30523
8313	27599
8590	28797
8534	36732
8531	29364
8156	29449
8802	31360
8686	31115
4634	26613
9276	30130
8088	28935
8038	28065
9263	31072
3763	27839
8119	28133
8941	30487
8053	27756
8533	27903
5914	26205
9501	29822
8684	31661
7864	31293
6752	29979
7273	31132
9091	30710
8890	23200
8991	30612
6248	27462
6584	29416
8853	30995
6963	28709
8811	29156
9490	31989
8664	29990
8032	28188
7685	29771
9218	30449
8498	26881
8915	28528
8428	32019
8439	31963
9004	31522
9216	29561
7430	28227
9297	29567
6528	29353
8545	27554
9557	29743
8676	27604
9176	26881
8325	30584
6795	27023
9358	31798
7223	27811
7164	27176
5531	26118
9162	30653
9193	27835
8042	30396
8206	27844
9078	28656
9246	30456
8270	29415
7718	29232
9398	32967
8907	30825
7991	27224
7463	30098
8335	25669
8357	30543
8393	26515
9427	30400
8114	29923
6902	26028
8475	30179
8725	28539
7419	29289
8075	30234
9549	34407
9011	30713
8651	28666
9486	31060
8717	29537
7591	29905
8638	29125
7640	30515
8968	29276
8743	29770
8493	29819
5531	21277
7885	27417
8820	29764
7879	29521
9250	29446
6176	27985
9013	31346
8816	31266
9203	30836
4769	28484
8165	28510
9303	31911
9088	28123
8660	31745
9237	34232
8184	27243
7611	29444
6321	27538
7539	28851
6910	27252
7074	28786
8880	30106
9191	27703
8117	30173
7244	26047
8696	30240
7880	30127
9377	31774
8654	29403
8157	29766
8576	28052
5763	25057
8486	32290
8066	27126
6002	27738
4378	22452
8171	26370
4447	27438
9430	32746
9564	32055
9158	29338
9077	31017
5889	24891
8501	29694
8716	29182
8905	27620
8738	30487
9330	31336
7834	27105
8785	28903
9323	32007
8769	27206
6023	26212
4323	24181
9130	28547
8871	29675
9307	31217
5364	28178
8857	30526
8396	26508
8176	27840
8802	29880
8222	30001
8828	30898
8817	26606
7966	27618
7111	29239
7458	27095
5383	30721
9476	30229
8308	31999
8846	29743
8481	29857
9183	30535
8692	30870
8879	30993
8786	27082
8783	26290
9526	31120
6242	25449
8803	27662
7856	29872
8782	30536
6405	28462
7436	28328
8247	29065
8442	27287
8453	28394
9215	31080
9444	30313
7778	27237
7081	27241
8575	26395
7875	29262
6136	27699
8013	30462
8993	30565
8433	31983
8441	29798
6982	27970
9266	29879
9063	31666
8975	29009
9296	28396
8398	28364
6213	25724
8339	28061
8951	32644
8272	29883
7980	28860
7578	31806
8325	28655
8729	31092
8469	25149
7512	26974
5987	27253
6226	26663
7297	33512
6102	29152
8835	28474
5432	25667
8541	32592
7428	26865
6376	27290
9090	28473
8419	26528
8047	29196
8671	31464
3853	26398
8557	21294
8293	30415
9492	31256
8228	29758
9017	29115
7944	29303
4606	27307
8421	28776
9033	25166
8499	27677
9308	31768
7755	28305
8859	31289
8172	28403
9432	29954
8913	28965
9445	31696
8005	28140
7753	28549
9464	31340
7506	30143
9285	30920
8190	29018
7378	27136
5878	30971
8948	30503
8329	32203
8444	25662
8840	30411
8758	29701
8297	29644
5987	26207
8948	32362
8244	29970
8659	28840
8982	28706
8687	29449
9085	34154
6206	30288
8503	30280
8222	32556
8660	29414
5890	25367
9044	32115
6844	28860
9112	30367
7887	30209
8944	30613
8203	30129
5109	25683
8840	29538
8624	29743
7754	28406
7349	26855
7677	29781
8546	29849
8799	30905
5158	23305
8417	29512
8539	28690
6900	27137
9181	30048
8460	28783
9226	31932
6839	22871
9361	30370
7901	28650
8032	29303
8710	29511
8650	33363
9491	26605
5159	26069
8492	29238
9296	29705
7255	30144
8667	27186
9315	33043
6301	29461
8498	28034
7634	29004
4357	28010
8702	30331
8406	30113
8462	30583
8538	32711
4933	27848
8790	29076
9388	31367
9017	30496
9429	31798
8497	29773
9051	28665
8564	29556
8061	25992
9110	28593
8782	29275
8261	29430
7710	30259
6890	27407
8854	29645
9242	31095
5986	25603
7289	30308
8801	28934
8615	28337
8220	30467
7992	29262
9009	33010
7563	29812
6976	26714
9322	30067
8607	29884
4274	26778
9130	31536
7823	29397
8013	27583
8963	30264
4945	26402
8369	31300
8401	28425
8488	28389
8029	29460
8727	31686
8725	30177
8782	29729
6680	30820
8587	27727
6240	28832
7389	27141
9308	28313
8831	28977
8301	28509
9117	32303
9450	30227
6233	27931
8061	27868
7885	28263
9171	29902
9362	30668
8232	27224
7386	31033
8286	29959
8914	28294
9144	30314
8814	29408
8393	29695
8925	31637
8773	28826
8594	29940
8745	31356
8843	31656
6858	28053
6377	30183
7950	28984
9132	29563
7227	28830
7683	25557
8841	31559
8415	28756
5264	30219
9203	31287
8921	32265
9106	31508
8185	29124
9204	31596
8669	28192
5156	24989
8234	29469
8830	30095
7009	28466
4625	29541
6637	29442
8746	30602
6252	28623
8355	29075
9017	31988
8637	29908
8762	30858
7228	29862
9154	32162
8325	30622
8657	27752
8076	28178
8931	29835
6603	26141
8773	29664
6215	27630
8584	28208
8942	30584
6948	29727
9142	31283
8471	29350
8676	27798
8482	29170
8926	28139
5241	24343
9123	30413
7843	30827
8554	30842
9454	30454
8946	30978
8844	30978
9049	29190
9315	30593
8504	27004
8115	28418
7885	29420
5762	27488
8656	31396
8054	19824
9310	31243
8408	27576
6873	28298
9008	29851
8157	29959
5449	27885
5549	23950
9164	30970
9525	30250
8777	30252
8534	29529
6725	29886
5460	27822
8560	31851
8282	28199
4530	27424
8472	28975
8496	28970
9304	32013
8647	30187
9143	30825
7073	27752
8599	28996
7745	28360
8528	29351
9178	30374
9242	35692
8194	28632
9626	26584
8955	31863
8091	28181
7847	30084
7125	28585
5423	29920
8506	28203
8615	29425
9125	29524
9457	32085
8651	29796
8487	28248
8473	27531
8194	29722
8615	28252
8565	30715
3596	27344
8503	27806
7821	29170
7436	30033
6878	27270
9161	29494
8407	29680
8944	30048
8065	31675
5862	26908
8212	29401
7113	26640
8160	30174
9367	29193
8676	27940
9152	29522
9246	32396
9282	29548
8702	26772
9220	30436
8433	25155
4390	28297
2621	26929
6326	26928
9014	29703
8223	27211
9054	30591
8154	28842
7345	28527
9048	27173
7700	26327
9372	31446
6377	28551
8299	30250
7987	24914
8283	29133
8631	30325
9047	30950
8598	29856
9024	30556
8615	29919
8091	28458
8408	31554
6870	28545
6641	30416
6061	27148
8406	33229
5395	28050
6467	28569
8573	29419
9141	29919
9521	31744
8750	29407
7501	30503
5121	25186
9527	30696
8611	29016
8937	29906
8569	30975
8818	30182
9256	31158
8744	31425
6803	30088
8592	30371
