0	0	730	27150915
0	1	730	27298947
0	2	730	27272781
0	3	730	27229966
0	4	730	27288947
0	5	730	27276821
0	6	730	27308538
0	7	730	27279421
0	8	730	27251900
0	9	730	27298997
1	0	26362	125028
1	1	26362	124931
1	2	26362	124661
1	3	26362	124154
1	4	26362	124236
1	5	26362	124633
1	6	26362	124772
1	7	26362	125169
1	8	26362	124298
1	9	26362	124527
2	0	4093	132930
2	1	4093	128177
2	2	4093	126243
2	3	4093	126442
2	4	4093	126488
2	5	4093	126199
2	6	4093	126239
2	7	4093	126450
2	8	4093	126523
2	9	4093	126405
3	0	488	2339113
3	1	488	2456561
3	2	488	2472602
3	3	488	2477553
3	4	488	2470249
3	5	488	2466420
3	6	488	2473008
3	7	488	2471907
3	8	488	2467481
3	9	488	2476364
4	0	297	29215
4	1	297	26977
4	2	297	26347
4	3	297	26277
4	4	297	26293
4	5	297	26347
4	6	297	26367
4	7	297	26251
4	8	297	26197
4	9	297	26319
5	0	1323	1773
5	1	1323	1001
5	2	1323	972
5	3	1323	952
5	4	1323	948
5	5	1323	955
5	6	1323	940
5	7	1323	943
5	8	1323	939
5	9	1323	945
6	0	53	222
6	1	53	221
6	2	53	212
6	3	53	213
6	4	53	210
6	5	53	211
6	6	53	211
6	7	53	208
6	8	53	204
6	9	53	208
7	0	141	9232
7	1	141	7670
7	2	141	7327
7	3	141	7332
7	4	141	7348
7	5	141	7357
7	6	141	7358
7	7	141	7325
7	8	141	7371
7	9	141	7367
8	0	155	158
8	1	155	150
8	2	155	151
8	3	155	147
8	4	155	139
8	5	155	146
8	6	155	140
8	7	155	140
8	8	155	135
8	9	155	146
9	0	17484	38889
9	1	17484	38726
9	2	17484	38429
9	3	17484	38537
9	4	17484	38908
9	5	17484	38812
9	6	17484	38235
9	7	17484	37786
9	8	17484	37885
9	9	17484	38058
