0	0	980	19661822
0	1	980	19487609
0	2	980	19473401
0	3	980	19431059
0	4	980	19496186
0	5	980	19498139
0	6	980	19500694
0	7	980	19495980
0	8	980	19454519
0	9	980	19457277
1	0	29222	604230
1	1	29222	389726
1	2	29222	414010
1	3	29222	393177
1	4	29222	389881
1	5	29222	390326
1	6	29222	391214
1	7	29222	389914
1	8	29222	390323
1	9	29222	390741
2	0	4601	602392
2	1	4601	577059
2	2	4601	584233
2	3	4601	578272
2	4	4601	577013
2	5	4601	577586
2	6	4601	577433
2	7	4601	577683
2	8	4601	577549
2	9	4601	577818
3	0	654	2390471
3	1	654	2348661
3	2	654	2350439
3	3	654	2349890
3	4	654	2353348
3	5	654	2351877
3	6	654	2362180
3	7	654	2352506
3	8	654	2352200
3	9	654	2354483
4	0	302	138164
4	1	302	144332
4	2	302	143496
4	3	302	143393
4	4	302	143508
4	5	302	152734
4	6	302	144784
4	7	302	143326
4	8	302	143270
4	9	302	142509
5	0	2342	81555
5	1	2342	30457
5	2	2342	28611
5	3	2342	28551
5	4	2342	28536
5	5	2342	28556
5	6	2342	28550
5	7	2342	28549
5	8	2342	28525
5	9	2342	28501
6	0	80	10908
6	1	80	5151
6	2	80	4879
6	3	80	4872
6	4	80	4876
6	5	80	4873
6	6	80	4876
6	7	80	4873
6	8	80	4878
6	9	80	4882
7	0	270	585677
7	1	270	427862
7	2	270	420417
7	3	270	380795
7	4	270	381608
7	5	270	387294
7	6	270	383789
7	7	270	381004
7	8	270	494094
7	9	270	393539
8	0	240	6986
8	1	240	2806
8	2	240	2816
8	3	240	2845
8	4	240	2790
8	5	240	2806
8	6	240	2814
8	7	240	2788
8	8	240	2791
8	9	240	2812
9	0	17492	373552
9	1	17492	332086
9	2	17492	245956
9	3	17492	237626
9	4	17492	234974
9	5	17492	240925
9	6	17492	237407
9	7	17492	235251
9	8	17492	240872
9	9	17492	287518
