0	0	19	129
0	1	19	6
0	2	19	6
0	3	19	5
0	4	19	4
0	5	19	3
0	6	19	3
0	7	19	4
0	8	19	3
0	9	19	4
1	0	333886	61163
1	1	333886	54260
1	2	333886	53640
1	3	333886	53786
1	4	333886	53656
1	5	333886	53786
1	6	333886	53599
1	7	333886	54784
1	8	333886	54123
1	9	333886	54246
2	0	65	2643168
2	1	65	2719390
2	2	65	2811783
2	3	65	2911930
2	4	65	3452387
2	5	65	4274809
2	6	65	3938011
2	7	65	4556758
2	8	65	4558612
2	9	65	4559369
3	0	206	3690
3	1	206	2076
3	2	206	2051
3	3	206	2067
3	4	206	2048
3	5	206	2069
3	6	206	2050
3	7	206	2066
3	8	206	2052
3	9	206	2053
