0	0	12	993
0	1	12	635
0	2	12	636
0	3	12	628
0	4	12	628
0	5	12	624
0	6	12	631
0	7	12	625
0	8	12	621
0	9	12	623
1	0	4588	134351
1	1	4588	128385
1	2	4588	128185
1	3	4588	128445
1	4	4588	128596
1	5	4588	129471
1	6	4588	129123
1	7	4588	128144
1	8	4588	129799
1	9	4588	132297
2	0	65	2993738
2	1	65	2999115
2	2	65	2990604
2	3	65	2991639
2	4	65	2989762
2	5	65	3078759
2	6	65	3077383
2	7	65	3077053
2	8	65	2987422
2	9	65	2988348
3	0	206	70763
3	1	206	70433
3	2	206	70361
3	3	206	70305
3	4	206	70260
3	5	206	70241
3	6	206	70312
3	7	206	70236
3	8	206	70265
3	9	206	70281
4	0	956	844143
4	1	956	842269
4	2	956	841996
4	3	956	842130
4	4	956	841860
4	5	956	845274
4	6	956	843109
4	7	956	841982
4	8	956	842722
4	9	956	842203
