1024	7123
322	10237
1634	10133
1132	7098
1159	7230
761	6262
1141	8738
1435	9324
1687	12793
1732	11511
1219	8753
1203	9443
1153	9187
1348	8657
1279	8768
779	7144
989	6141
1559	10003
859	6718
941	11472
1692	10958
1015	6855
1410	10579
972	6582
1035	31621
1649	11256
1534	12208
981	7758
977	6709
1234	7735
1802	12459
1444	9281
1690	11343
1540	11492
979	7074
1612	10448
1519	9852
1699	9766
975	8190
1295	8797
1072	10417
1590	11602
1247	8231
1004	6782
253	7880
908	7786
921	8894
1453	10547
961	6624
532	8163
1131	6917
795	6344
1933	11508
1165	7221
1342	8200
1693	10604
648	6560
1454	9523
755	6252
966	7499
994	7328
1737	12195
869	6825
766	9586
1874	11213
681	6781
1458	10929
1131	9984
955	6181
946	7566
1032	8608
1733	11347
972	5987
1530	10077
1078	7957
1150	7568
1045	6805
1265	8211
761	7841
999	7263
1676	11207
900	8012
498	8004
1590	11009
1189	7684
1033	6834
1405	9598
1163	7973
1251	8371
1674	10181
1290	8492
766	7385
1637	10536
1281	10804
1187	7664
1151	7528
1343	10030
979	6884
1059	8294
1220	7729
1768	11908
947	6455
1569	9821
1073	8009
1090	7487
831	8958
1068	7353
1030	6302
1042	7996
1097	7417
1201	7746
1736	10964
1244	10009
1209	31111
1775	11369
981	6604
1870	12355
722	8182
1319	10130
1003	6091
1450	8592
1664	9832
1759	10592
1055	7136
1226	7667
1036	7879
1131	7746
1242	9747
1258	7639
1672	9677
1634	10838
1559	9770
913	7100
726	7218
1513	10361
1085	6660
1596	9478
1802	11441
1110	7890
982	9394
1413	7730
1429	12880
1193	7181
1210	8302
1030	7825
1557	10978
911	8479
1328	8994
692	6532
1545	10794
1171	7170
1161	8466
1024	8176
1597	9548
1295	8605
1582	10500
719	7206
807	6203
1410	8094
1353	9368
1012	6490
1449	10412
1256	10483
1270	9115
1116	8258
1470	9824
1065	10793
1726	12353
1153	8925
1108	7459
1218	8311
1039	6821
953	6954
1228	16927
936	7117
1377	9194
1082	6515
1105	6183
1069	8405
1087	8080
1205	8716
763	6373
1119	32730
955	7187
784	9332
1115	7433
1622	10680
1957	11790
1494	9251
1125	7019
1678	10371
522	7438
780	15390
1468	9813
1151	7732
1212	8254
1535	27363
810	10420
1495	10817
1148	8108
1149	8117
969	9079
1339	9259
973	7823
1155	10187
1056	8283
995	9875
861	8702
1440	10904
1479	8827
1209	9226
1287	8577
1037	7562
1315	8289
1283	11578
1044	6563
1628	10146
1236	9549
590	7567
1220	10662
1201	7858
964	6347
1205	7611
1449	9238
1044	10971
1280	9503
1111	6598
1058	8164
1361	9523
1005	8286
1726	11033
1819	11869
1556	10268
1106	8668
997	6471
1318	8792
856	9535
1017	8461
986	7365
1744	11183
1670	11511
1394	11102
649	9190
1274	7827
1440	10440
1017	8331
1004	6548
1363	8789
1358	8579
1312	9493
1041	6109
1029	6785
1223	11908
1134	8178
1000	6849
792	7451
1437	9601
1408	8694
1185	7570
1788	11253
1367	8893
817	6675
1067	8598
1889	13430
1836	12948
1162	7560
1501	10217
1829	12155
958	8109
879	6667
1722	11466
1130	7418
1003	6798
974	6056
1005	8575
1609	9903
1054	6746
1493	10961
1102	8075
1034	8075
1045	7191
1334	9561
1145	8474
618	8677
1846	12204
1389	9449
1619	10397
690	10386
1631	11016
949	6950
872	10429
1123	7062
1295	8042
728	8159
1789	11735
1074	9176
1223	8349
1091	6414
1102	8852
1367	8277
1372	8384
1139	9860
1020	8723
970	7488
1188	11070
959	7650
908	6855
1657	10953
717	8476
1525	10071
1437	9540
953	5994
877	7828
772	6104
1590	11164
826	7938
1702	10360
1927	12887
1815	10950
1036	8416
1291	8427
1775	11687
1501	9937
1098	7730
1222	8272
1504	9683
1175	9627
1029	7133
1263	7867
1096	8890
1168	8816
1092	8513
1285	10206
1733	10887
1341	9657
1533	10436
1541	10505
1523	10160
1127	9410
1058	7828
1031	9497
1727	10316
488	9851
1356	9022
1587	10557
811	7082
1195	6924
1070	7231
1078	8224
515	5495
929	5867
922	9541
664	8464
1242	8518
1084	6581
1238	7481
1182	8682
1436	10188
1124	6432
1597	10010
1045	6944
1469	10890
1416	8852
1711	9888
1314	8955
1246	7750
918	11129
1534	9672
1183	7347
1080	8162
983	7306
1592	9103
989	12642
1385	9330
1038	6635
1264	7882
1212	7899
1803	11107
1203	9107
1210	9038
999	6666
1744	11077
994	6199
1375	12272
1565	9354
1530	9152
1563	10833
1135	7556
1295	9122
918	6728
876	9610
1420	9038
1276	8757
1169	9974
504	10517
1374	10852
1141	8924
1334	8283
1100	7754
1848	11819
731	6576
1223	8364
1636	11645
1190	8911
1264	7265
1258	7324
847	7215
1049	8038
890	7636
722	7457
1373	14114
1378	9859
1381	8967
1398	9482
985	8094
1434	10970
1867	13511
1748	11541
1564	9462
1006	5720
1857	14115
1506	10044
1009	8877
1167	8710
874	7930
1066	6193
1449	10354
1500	9718
1083	8416
896	8096
1499	12664
1404	9166
1198	8551
1356	10605
1424	11956
1734	13762
1284	7984
1430	8517
997	6884
1465	9420
1481	9481
1418	9032
1367	8253
1197	9246
1867	12447
1560	10443
1306	12745
1302	8541
1483	10843
1208	9431
1404	8870
1642	9586
1548	11655
987	10768
1198	8324
902	7844
664	5952
1753	10315
1141	7379
1041	7168
1091	7907
1193	7573
1078	8793
1137	7303
1298	7699
1119	8786
916	7724
1482	9565
1786	9700
1000	8978
1252	7310
1536	8897
1225	7839
884	14958
1178	11162
1134	7614
1380	9963
1029	7436
1006	8483
968	7053
1288	9816
1461	10506
1227	7667
1735	11739
1184	8854
1256	9546
1054	7396
1500	10901
1465	8484
1359	8479
1557	10244
1605	10823
1421	9244
1708	11736
843	8822
1439	9958
1498	9778
1403	9146
1441	8966
1211	7994
1609	11275
1393	9364
1663	11522
1012	6824
579	6689
1410	9212
1787	13229
1058	8635
1940	12774
924	6478
945	6821
996	7414
1088	9326
1681	11958
1458	12243
1167	7973
1155	7010
1249	8448
1900	11395
777	8625
1669	10538
1323	9559
792	7044
962	7333
1183	7007
1354	7573
958	6110
1255	10033
949	7496
1313	8305
1718	10274
1313	8727
1569	9888
1280	8590
1198	13402
1041	7346
861	8513
1541	10377
733	8413
1301	7888
822	8575
1151	7869
1359	10507
1414	10072
1433	9021
1660	12451
1020	6653
1207	9276
835	7732
1789	12200
1696	11999
915	9109
919	7399
1349	12071
1403	10572
1328	10398
996	6906
1799	11349
1225	7445
1512	9812
970	7741
1637	11312
870	8812
1382	10393
1069	7645
1241	9266
1294	10485
1025	9225
963	8722
1112	7600
1588	11242
1535	9831
1623	11019
1921	12425
1176	8298
979	8416
1400	8796
1072	8093
1552	11372
990	6345
1030	7244
956	7543
1109	8269
884	6999
965	6841
1001	11500
822	6861
868	6895
970	8610
969	7164
1059	7591
1099	8203
1136	6740
1003	6113
1038	6681
984	6893
1128	7354
1427	8636
1107	7372
1146	8625
666	14727
1631	10264
1757	10961
1479	12515
1119	7234
1706	11077
1427	9932
1548	10304
1257	8400
1444	9418
1394	8530
1495	9205
1291	10819
651	13495
1383	9927
1079	7363
1227	10611
1487	10162
1754	11117
1617	10340
856	7491
1414	10035
645	6700
779	7682
1620	11934
930	7935
1947	11053
1147	7991
963	9452
1071	7165
1342	8301
1141	8765
876	7059
1214	9515
1047	9172
1369	10203
962	6768
1610	10260
1343	9995
978	7824
1641	12039
1112	6568
1812	11708
617	6629
1971	11652
853	7951
1660	10650
1368	12358
1124	8190
1088	7761
907	7009
1707	12100
1452	8863
1573	12319
1434	9999
878	6990
1114	8149
1278	7771
1438	8558
1637	10829
1075	6890
1579	9528
1452	9442
1066	6334
958	6141
1253	8414
1580	9883
1385	10239
1723	11688
840	6659
1324	8521
1734	10668
1578	10285
538	7540
1354	11125
1138	7486
1247	9534
1792	12694
986	7152
1182	8720
861	5639
802	7187
845	8076
1134	7169
1237	8338
1818	11227
982	6800
1279	11081
1341	8825
1077	7705
1553	9398
1112	7874
1059	6840
812	5976
1497	9307
872	6564
1198	11774
1542	11250
1241	7296
1139	6972
1383	8453
1323	8845
1272	10532
1400	10281
1161	8098
899	7513
1101	9348
1200	8071
1296	9296
1035	6535
625	6854
1475	10355
1571	13113
1447	9250
1632	11992
1071	6820
699	6556
1169	8774
1028	6697
1134	8137
970	7875
1180	8022
1135	7389
1028	7425
1546	10199
1223	10673
1247	10657
963	5995
1900	12937
1114	7213
1328	8654
1593	10808
1133	7309
1141	7951
1020	6838
1203	9140
1006	7465
1036	7100
966	7307
1160	7904
1575	9801
1038	6825
877	6559
1034	7044
1105	7959
1273	8613
1091	7290
1768	11202
1640	11599
1750	12816
1593	10729
1550	9837
993	5628
1310	7444
1131	8158
1140	7584
1248	9011
1793	14043
925	6860
1504	9550
1327	9425
1013	6454
1486	9330
1228	7455
1008	6838
1644	11031
1468	8670
1097	8024
1377	11739
1724	10997
1118	9494
1311	8734
1907	14603
1536	8426
1220	7816
1105	7121
719	7629
912	7130
979	6563
1889	13229
1009	6513
1028	6330
798	6972
1783	11692
1072	8499
927	7146
837	6854
1241	7788
999	7341
1004	6467
1504	11426
1636	10293
1355	11888
959	7750
1075	6918
1178	7998
1473	10100
1024	7262
1542	9084
1466	8781
1017	8407
1674	10863
1297	8391
1267	8788
837	7789
426	12770
1630	9299
1207	8477
1694	11475
1774	11802
1459	9222
1067	7071
755	7587
1243	8189
1112	7256
1199	7552
1214	7703
1454	9334
1149	7927
1079	7460
1240	9842
1527	11351
1801	12261
978	6370
1448	9186
1299	7669
1073	6630
1398	8708
893	10431
1073	6679
1168	7427
1578	9528
733	6974
1389	12078
733	7260
930	7533
1642	12326
1684	9651
1240	11175
1131	7762
1020	6632
936	10032
1316	7637
1547	11897
1623	10245
1016	7842
1155	7513
965	7112
1132	7051
808	7310
977	7544
1244	8354
1032	7703
1606	10930
1141	7428
1536	9731
1243	10999
1692	10657
1057	7680
1476	10554
1422	10860
1444	10980
1357	12916
1069	10510
1132	8608
976	6410
878	6473
1159	7739
875	6771
1544	10113
1144	12335
1373	9576
1046	7616
1206	7973
1029	7507
1538	10652
1145	9073
562	5675
1367	8831
994	6527
968	10081
1499	9730
1557	13252
1412	9585
1164	8680
1181	8088
1020	8994
1036	7091
1086	6966
1209	8506
1012	6425
954	7594
671	6573
1161	7177
835	12379
1479	10624
1515	10640
1354	8733
1478	8628
1429	10738
1660	10789
1143	8334
1884	11215
1466	8409
1568	10473
1148	8014
1516	11067
311	9844
983	10112
1091	11051
953	6860
1281	9822
1493	11207
1119	11376
523	8756
1850	12874
1306	11808
1584	10163
1735	11914
1023	6468
1154	9390
721	7678
1559	10333
1623	10100
506	11828
1625	10059
1051	6685
893	9112
1314	11416
852	6570
1223	10249
1235	7418
1649	10627
1140	10087
1865	10674
992	6905
1745	10600
976	7044
1438	8617
1728	10553
1166	7226
1128	6960
1133	7640
1458	10028
597	13174
1870	12019
1199	8248
933	11782
1490	9224
1066	7162
1048	7630
1517	9360
1259	10769
1399	11267
1104	6857
854	6608
1665	11801
973	6437
1758	10629
1615	10564
1295	9781
1096	7453
1033	7787
1130	7302
1181	7232
1050	10056
1028	6645
899	11716
1167	7426
1136	9729
830	7163
1008	6932
1005	12962
769	7012
805	10423
1274	12664
1038	7757
882	6655
1573	11316
1015	6960
1346	9790
1002	10251
1042	7957
1840	11420
1716	11139
936	5580
1059	8010
1779	13229
1063	8769
1360	8017
1661	9702
1649	10754
1354	8869
994	8481
1557	10146
1315	9194
1229	8289
1518	10181
1431	10249
776	7116
2368	17299
2709	19280
2060	13569
2135	11941
1915	11385
1941	12402
2088	13629
2099	17172
1762	12684
1751	13986
2365	16300
2013	12982
2172	14072
2117	13171
2695	17130
2109	12255
2279	16676
1896	12773
2453	15676
2372	21289
1725	13026
1984	13056
1432	12164
1887	12580
2216	14027
2212	12435
2121	13500
2326	14381
2240	13863
1660	15429
2084	18823
2231	17585
2370	15100
1991	13731
2518	16727
1981	12660
2324	14850
2122	13925
2590	15477
2860	16673
2131	13807
2145	14763
1911	13468
2468	17315
2029	15293
2933	16755
1621	15723
1910	13084
2679	17822
1957	14442
2425	14211
1905	12447
2220	14302
2379	14007
1692	11290
2391	14348
2536	17625
2066	12922
2232	14002
2624	18565
2317	14102
1688	14580
2131	15410
2139	15074
2242	14980
2667	15975
2298	14514
2447	15900
1825	17870
1830	16611
2857	19089
2100	15805
1883	15212
1721	13107
2834	17342
2761	17858
2180	15918
2654	17254
2488	16601
2376	14292
2020	13108
2301	13811
2387	14744
2419	16374
2348	14602
2546	15844
2332	17366
1290	15111
2673	16475
1901	12266
1925	14044
2218	14518
2205	15111
2678	15655
2168	12041
2206	13836
2158	13976
1981	13387
2521	16894
2763	17263
1874	12700
2313	17186
2095	15657
2868	17861
1981	17862
2875	18646
1836	11953
2319	15407
2042	13418
1754	16496
2013	16798
2668	16375
2586	15686
1777	12425
2536	16393
2155	13845
1714	13069
659	12615
1491	10885
2028	14622
2443	15152
1993	13612
1215	14698
2259	18464
2551	16738
2539	14588
1944	13056
2402	18165
2023	11605
2866	17031
2049	14224
1923	13289
2035	11440
1845	11562
2283	14616
2598	17783
2433	14666
2041	13499
2741	18156
1336	18525
2142	16808
701	16826
2452	16346
2435	18959
2239	15509
2658	17040
1894	14424
2544	16978
2265	16187
1522	14163
2042	12661
2127	14361
2245	16428
2150	17002
2417	15070
2078	16166
2141	15670
1401	12490
810	15305
1885	12232
2298	16346
1812	13737
2554	17370
1677	12137
2335	15677
2450	16049
2141	12882
1222	19658
2878	17615
2746	19024
2023	13286
2662	17336
2076	13797
1995	13929
2597	15308
2210	16996
2521	15404
1997	14698
1590	13127
2406	17146
1860	13474
2470	13735
1813	13213
1565	14940
2456	15826
2138	14036
2228	14078
2161	15902
2750	18940
2171	15140
1115	12754
1964	13173
1988	12283
2185	14556
2350	15598
2389	13470
2425	15085
2148	15177
2496	14257
2146	15792
2071	14925
2079	15699
1694	16283
1811	14058
2399	15123
2479	14263
2162	12318
2184	12998
2146	13764
1945	13563
2412	14071
1835	12889
1828	8538
2049	14806
1876	12965
2265	13411
2218	13629
2126	12978
2148	13033
2752	18442
1951	11451
2096	13524
2438	15355
2016	12827
2216	11953
2397	15583
2790	17218
2341	14939
2615	16671
1506	14169
2593	15724
2420	15804
1926	13991
2718	18993
2005	14471
2301	14112
2188	14412
1948	12233
2266	16403
1720	16181
2183	15619
1492	12500
2651	15803
2389	15295
2304	12687
2772	16869
2494	15364
2444	14820
2442	14251
2035	12191
2178	13961
1384	14058
2041	11514
1851	14362
2752	16887
2523	17861
1643	12641
2687	16969
2074	13416
2192	16077
2232	14035
2778	17057
2040	13436
1755	15630
1647	13648
2118	14757
1843	13151
1932	17564
2173	15780
2126	13240
1916	11801
2682	17752
2450	14391
2087	16901
2349	17459
2397	15705
2031	12439
1104	17269
2499	15558
1945	13990
1657	13628
2276	14262
1816	14724
1965	12897
2757	17322
2770	14311
2188	13855
2015	21591
1691	13779
2061	14376
2617	15163
2066	15986
1885	11786
2135	12632
2707	16694
1678	12678
2353	14729
2918	17557
1948	12893
2031	14587
2346	16364
2186	12595
1653	15935
2177	14037
1941	12989
2034	13597
2732	16262
1954	16732
1432	14292
2224	15447
1847	14539
2052	16062
2370	16948
1917	12702
2700	17321
2003	14949
2202	17368
1961	13047
1506	13149
2211	13068
2005	14872
2032	11757
1256	12309
2180	17037
2385	13340
1887	12358
1941	13721
1769	13515
2481	17212
2637	17964
2816	17606
2226	13984
2139	13087
2652	17575
2721	17248
2210	15309
2437	16225
1479	14685
2443	17496
2625	18060
2757	19153
2455	14270
2085	13338
2077	14968
1779	13472
2119	12735
2438	10959
2081	12961
2019	15077
2653	16521
2145	14687
1930	12688
2169	13380
2724	15800
2939	17198
2039	13473
1941	14779
2253	14521
2247	15500
2261	15187
2137	14876
549	13066
2257	14173
1631	20597
2477	14172
852	18938
2203	13317
1936	13580
1995	13350
2621	16764
2371	14759
2194	15718
2135	14044
1626	12470
2092	12763
2271	15716
1916	13162
2220	15386
2715	16278
2629	16380
1579	12118
2131	14024
2094	14387
1767	18502
2133	13388
2734	18935
2838	17135
2363	14936
2266	15597
2612	16276
2789	16042
868	15080
2301	14700
2030	13559
2629	18239
2495	15238
2090	15937
1952	11245
909	15088
2302	15037
2105	17456
1961	13178
1948	14712
1663	13730
2362	13729
2131	12696
2061	12729
1992	13068
1850	12464
2618	19168
2408	15696
1967	12755
1751	13928
1998	11432
2157	14831
1915	12643
1853	12623
2793	18579
2145	17611
2056	13826
2376	14918
2644	16527
2826	18598
1712	19430
2271	15595
1998	13486
2328	17151
1890	14470
2612	17212
2731	16842
1530	11443
2173	12918
2020	13310
2235	13530
1491	14136
2003	11654
2620	18736
2082	15487
2075	13621
1263	12650
2237	18256
2156	14960
2039	12898
2656	16499
2389	17431
2171	16276
2199	13995
2081	13845
2069	12787
2677	16639
2688	17268
2148	14171
2759	14806
1899	12981
2289	14202
2006	12363
2025	10767
2040	12369
1788	15476
1746	11056
2045	13773
2804	18041
2371	14972
1998	17025
2457	15862
1688	14374
2291	15097
2755	17828
2130	14815
2890	17450
1993	12654
2661	18202
2132	14255
1366	12494
1786	15606
1784	12999
1947	14557
2009	14004
2742	14895
2053	12699
2562	15774
2231	12779
2569	17692
1984	14889
2076	12873
1220	12162
2729	16013
2449	15245
1789	13956
2092	13391
1650	12750
2279	14079
1998	13121
2026	12482
2675	17592
2074	15001
2191	13511
2815	16476
2160	13985
2012	13836
1241	18002
2828	17877
2776	17514
2216	14060
1961	12974
1957	15525
2636	19502
1796	12925
2226	9810
2307	18388
2595	16342
2725	17257
1748	14659
1952	14444
1916	11261
2430	16524
2540	14622
2407	14741
2183	17504
2506	16401
1932	13737
1647	12598
2293	15908
2075	17130
2093	13105
1229	14221
2698	15657
1658	13098
2031	15490
2057	14990
1900	14895
2356	15445
2562	17214
2341	16501
2151	13403
2513	15556
2335	14074
2024	11340
1972	11512
2252	13475
1996	12585
2090	14453
1537	14987
2680	16432
2696	17527
2080	14552
2717	16653
1796	15053
2385	15547
2250	14161
1983	11288
1973	12470
2068	16211
2076	13865
2232	18928
1888	12544
1915	11975
1473	14175
2745	15626
2107	14676
2169	13605
2574	17128
2333	16843
2647	17305
2372	13749
2000	14136
2429	17780
2264	14372
2875	18534
2238	14322
2647	16915
2635	16068
2274	12835
1800	13161
1021	14991
2305	15043
1797	14732
2290	14330
1968	12217
2731	15467
1648	13046
2311	13682
1749	14928
2550	16384
2299	13674
2603	16685
2867	17145
2120	12911
2311	14417
2460	16238
2355	15803
648	16925
2206	15200
2246	13468
2358	14514
2431	16656
2453	16671
2267	14406
2326	15858
2081	13032
1528	14875
2111	15755
2438	15702
1681	15239
2040	13082
1512	20281
2391	14821
1599	14163
2092	14093
2135	14328
2247	14444
1657	13331
1130	12388
2737	19377
1380	14424
2708	18663
2490	15452
2497	16279
2508	17489
2518	17923
2152	15269
1833	15014
2155	12001
1003	14590
2213	14789
2850	18415
2059	15700
2597	18275
2844	17856
1627	15918
1733	12192
2197	13980
1990	13155
1689	13875
1952	13132
2041	12917
2428	16090
1624	12555
2007	13948
2120	16547
2164	13456
1963	13299
1900	12403
1937	13114
1916	12243
2143	15064
2166	16036
2494	15322
1383	13348
2219	14218
1813	16902
2099	15330
2158	16937
2042	13169
2310	13327
2005	13003
2483	17354
2938	18239
2348	16399
1634	14126
2413	14095
2327	14615
2431	16370
1225	17352
2319	14681
2099	14866
2918	16144
2091	13799
2202	14020
2465	14976
2828	12676
1807	17930
2538	17207
2149	12303
1803	12596
2191	17227
1737	12602
2772	17043
2420	16593
1727	12874
2389	16961
2347	15345
2256	14213
1822	13756
2298	16567
2302	14051
2652	16167
2789	16223
2056	15720
2145	14505
2088	14354
1847	12669
2491	16101
2488	15155
1622	13338
1633	19625
2303	14082
1979	14006
757	22974
2174	13994
2428	17068
1962	13177
2083	13436
2201	16642
1024	14272
2113	13684
1646	14992
1131	14089
1589	11685
1211	14983
2733	16772
2528	14728
2191	16806
2527	8176
2597	15701
1972	14707
2450	16217
2063	13442
2643	15814
1991	12216
1798	13141
2458	17052
1765	11702
2795	16238
2128	16051
2189	14268
2131	14837
1928	14443
2782	19292
2376	16029
1878	12236
2374	13962
1163	12925
2509	16391
2010	12568
2031	13947
1582	12907
2872	16544
2063	12949
2276	15764
1976	11637
2718	18661
2230	14627
1788	13128
2087	12675
1861	13994
2058	13769
2661	14696
2810	18616
1629	15777
2490	16144
1936	13480
2207	14568
2252	14094
1896	11388
2758	18465
1189	12186
1309	17435
2814	18067
2684	17152
1972	12681
1180	14902
1891	14332
2915	20504
1575	15429
1826	13290
2463	17515
2648	17488
1833	13236
1393	13733
1118	16771
2846	16950
2641	17311
2672	16472
2042	12779
2188	12973
2747	17312
2111	13186
2053	12952
2488	17606
2391	16567
2335	14631
1001	13008
2020	13605
2211	13601
2603	16177
2129	13292
2002	11915
1878	15499
2267	14953
1858	15515
1266	14206
2143	12702
1842	12797
2658	16623
1834	12644
2649	15627
2507	15441
662	14666
2133	15900
2302	15011
1002	14425
1430	13028
2075	13030
2591	17949
2156	19019
2050	13695
2567	17859
2567	17384
2871	17290
2396	17275
2457	17131
2438	14187
2031	13045
2043	15717
2121	14936
2244	14014
2797	17361
1967	12150
2681	16524
2481	17172
1791	13367
1661	15853
2337	14843
2387	13387
2541	17295
2624	16252
2192	14025
2507	16118
1524	11971
1155	13295
2547	15079
2095	13092
2018	12341
2349	15180
2434	14544
2201	13034
2839	17305
2046	13714
2110	13600
2313	14989
2299	13265
1487	14090
1521	13011
2136	13690
1929	12157
2812	19524
2553	15610
2415	14427
1936	11878
2276	14392
2481	17612
2025	14389
1984	13542
1824	11196
2474	17360
2051	13031
2491	15733
2596	17048
2361	16942
1550	13371
2679	16242
1600	13889
2363	12909
2595	16821
2512	16391
2253	14174
1626	12493
2065	16122
2305	14045
1674	16794
2061	14484
1982	14023
2486	16681
1375	17886
1260	16203
2251	14253
1655	10613
2492	15614
2043	13458
2096	12644
2045	14376
2549	16978
2187	13586
2492	15974
2618	17457
2011	13709
2249	15340
2007	12739
2567	16066
2482	17686
2416	14548
2657	16056
2244	16933
2667	15817
2480	15346
2266	12429
2101	12610
2883	17950
2598	18073
2626	17340
2727	16874
1790	16988
2013	12647
2543	15559
2585	15622
2519	16656
958	17448
2116	13649
2449	15698
2704	16668
1285	16411
1887	14030
1699	12567
2436	18661
1954	11780
1554	15077
1995	17071
2040	14071
1615	17880
2525	17399
2643	16286
2743	16580
2925	12479
2490	16860
2209	13545
2329	14963
1854	13695
2020	13090
1837	13582
2667	28500
2225	13880
1626	12166
1824	14099
1968	12016
2106	14081
2435	15968
1698	13733
826	12830
2907	17416
1451	16937
1900	12168
1987	13399
2204	15022
1545	11641
1755	13854
2583	15150
2145	12006
2615	18372
2717	17028
2302	17615
2228	13968
1328	15508
2128	13064
2381	16139
1877	12324
2381	15877
2067	16096
2248	15873
1389	16794
2038	14660
2339	14798
2023	12966
1636	17204
1948	12618
2216	17863
2623	17073
2457	15570
1830	13823
2443	15527
2623	15753
968	12314
1877	11560
1816	12636
2153	16380
1785	19291
2022	12133
2714	15714
2036	12538
2394	17165
1557	13667
2556	15266
2637	17771
2106	13549
1989	11745
2515	18008
2487	15800
1919	12438
2347	14653
2365	14802
2465	13847
2469	16899
1874	11287
1876	11910
1292	17962
903	17417
1473	11614
1869	14004
2293	14546
1931	13676
3029	23573
3104	21147
2697	21009
3441	22622
2428	20188
3170	21535
3290	22801
1615	17658
2901	18991
3568	23752
2893	21043
3407	20705
2902	19443
2763	16718
3562	21280
3543	22701
3266	19683
2991	21785
3409	19269
3147	19737
2248	23713
2805	22959
3834	19364
3386	21292
2726	18446
3510	21949
2856	19503
2808	18587
3561	22770
2995	18918
3078	18263
3096	21234
3096	21759
3060	20484
2905	18957
3107	21136
2273	19220
3365	21486
2693	19122
2621	23221
2883	18028
3178	19048
2515	24743
3641	22492
3441	24684
2884	17994
2578	18476
3367	19847
2990	16413
2098	17604
3015	18465
2952	16912
3064	19320
3049	21306
3507	21627
2683	18310
3545	21431
3789	29544
2125	21635
3012	21134
3369	18460
1473	18249
2835	21010
2871	16302
1820	19555
3318	22502
2958	20744
3415	19410
3514	21060
2980	21378
2644	19887
3576	21031
2863	17985
2704	18593
3308	19822
2256	16004
2899	23100
2564	21575
2924	21316
3280	21937
3323	20098
2552	18028
3562	27632
3566	21027
2994	17340
3318	22481
3733	21969
3172	19748
2528	19372
3043	17401
3601	22441
68	27954
3051	22972
3109	20880
2952	16880
3534	22842
2949	19974
1581	24970
3578	21801
2902	17853
3673	21326
2477	20740
2523	17766
3889	21526
3379	18536
3128	17546
3591	21789
2477	18702
2753	18133
3712	22894
2661	18016
3735	22343
3121	20351
2629	17970
3687	21467
3317	20698
3166	17600
2920	19599
3321	21416
3105	20419
3935	23257
2730	17285
2288	19706
3856	23605
2550	18968
3474	21330
2316	18878
3087	19580
3078	19515
3251	19240
1588	17839
1903	18452
2877	17192
3036	18878
3373	22106
2910	19497
3141	19455
3620	21293
2973	17530
2685	17873
2495	16434
3317	21302
2942	17539
2748	19441
1939	20079
3400	23146
1587	18744
2450	19188
3722	22912
2674	20156
3067	17923
2148	19147
3116	19769
2519	19591
3208	21051
1798	23386
2462	20140
3097	20041
2748	18160
2923	19552
3798	22020
3459	20508
3401	22719
3572	23702
3047	17702
3481	19666
2597	25389
2858	22099
3561	20111
2977	19339
3479	21703
2185	18477
2880	18306
2265	20013
3196	17582
1840	17027
3384	20159
3383	23332
2696	21061
3664	23711
2712	19501
2897	19747
3567	21841
3043	19863
3230	19034
3400	22037
3428	22411
2638	19319
3527	22549
2777	18267
3393	21781
2889	17496
2996	19698
3408	21276
1885	22012
3849	23123
3196	19305
3348	19372
2998	18741
3281	19749
3541	22530
2973	19080
2774	19225
2815	18625
3051	18786
3367	21925
860	18948
2956	20122
2537	22680
3068	19090
3668	22668
3492	23187
2688	19052
3456	22183
2879	16125
3152	20643
2948	18310
3173	18099
3157	17415
3260	22647
3022	19218
1933	20731
2801	16384
3103	18180
3034	19437
3788	22371
3174	20272
3595	20825
2931	18816
2548	18910
2380	19247
3257	18934
3324	19599
2184	19377
2983	18303
3124	22174
3548	20440
2943	16743
3259	16306
2692	17762
3226	20207
2548	18941
3278	20098
3376	20319
3443	21256
1369	20288
3266	23187
3342	23873
3301	19841
1766	22743
2977	15572
3648	20361
3536	21948
3372	20302
3029	16884
2652	17767
2512	20297
2048	20738
3109	22054
3774	21675
3193	19659
3774	22176
3227	20206
3761	23198
3007	19981
3487	22641
3033	17523
3331	18686
3690	21455
3439	21545
2475	19194
3954	24558
3012	17748
3324	20385
3474	21934
3762	22196
3911	21980
2992	17766
3110	21102
3577	23699
3527	20590
2912	19467
2853	23434
2999	19085
2769	21067
2963	18776
2953	17370
3630	20509
3132	19820
3135	19275
2194	21959
2942	19041
2931	18508
3771	23090
3001	19379
2335	17469
2947	20371
3236	20262
3453	23489
3550	18973
2951	18311
2558	20709
3397	21052
3142	18385
2458	23358
3213	20592
3453	19708
2741	18366
3752	22671
3406	20258
3568	22559
3537	22081
1534	20136
3375	21710
3570	21224
2529	20143
1947	24971
2704	19392
2733	19494
3471	19253
3067	18230
3217	19234
2401	21283
2666	15625
2995	18717
3366	21872
2853	18954
1464	37132
3462	19868
3355	19902
3360	20805
3419	22180
3770	23689
3078	21314
3770	21753
3410	24795
3009	18372
3084	17052
2914	18388
2017	10267
2349	18466
3101	19066
2511	19269
2882	17724
3113	19954
3430	20891
3521	20794
3026	18190
2469	18490
2756	23888
2651	16639
3304	19644
3079	20023
3210	19878
3053	19227
3100	20627
2567	18114
3120	20091
3596	22210
3360	21137
3524	22054
2514	17992
3200	19648
2435	20093
3075	20774
3007	16654
2174	21699
3085	20150
3135	17443
3121	18909
2812	17104
3478	20460
3166	20213
3195	18629
3455	21656
3368	22421
2974	21567
2494	15249
2469	19789
3084	19968
2791	18020
3522	21185
2707	20086
3136	19732
3282	18865
3689	20982
3278	19316
3088	18739
3517	22649
3007	19262
3274	18993
2704	18881
3133	20544
1620	20260
3331	20629
3292	19689
2372	19185
2567	19280
3292	20424
3432	21090
3476	20252
2812	21774
2718	19339
2899	21068
3232	21538
3324	22545
2757	18542
3038	19823
1919	18901
3143	19186
3041	18639
3264	19215
2374	21115
3163	26017
3223	22485
3044	20263
2365	17380
2852	19704
3457	21405
3683	21342
3655	21527
2843	20125
3190	20428
2931	19310
3163	19050
2066	17596
3579	22397
3443	22038
3256	21727
2922	17469
3141	22600
3107	18778
3756	21365
2044	19705
3309	19790
2910	16706
3407	20344
2834	16266
2275	18940
2877	16623
1873	16434
2879	17808
3271	20468
3029	19033
2327	18737
2870	22294
1657	15368
3214	20385
3708	21257
2309	18222
3036	17554
3081	20063
2771	17862
3002	18615
3136	19169
3429	22956
2948	18284
2538	20836
2934	19831
2710	17839
3211	15397
2971	18461
3359	21659
3147	20021
3354	19433
2551	16367
3846	22106
3331	19297
2653	15133
3178	18661
3304	21424
2197	18164
3211	18434
3491	22031
1530	21964
3260	21984
3260	19820
3105	18703
2472	17323
2942	22607
2107	20453
3113	23134
3401	19738
3665	24125
3185	19804
3280	27951
1592	21011
2317	15886
2826	17949
2765	18345
2954	20149
3096	20703
2905	19242
3751	22352
3257	19933
3387	20869
2969	19323
3104	18576
3363	20072
2913	18633
2301	18586
2915	19795
2773	19134
3384	23224
3505	21788
3620	20354
3305	20264
3017	20083
2962	19257
2974	17995
2977	18322
3415	20657
2831	19267
2204	19868
3316	19364
3360	21395
3671	23560
3153	19834
2947	19914
2836	18675
1685	25028
3123	18714
3594	19313
3081	19302
3552	21810
3198	19458
3743	21695
2849	17640
3293	21433
2819	19380
3553	21191
2973	18531
2777	18238
2396	18907
2911	18165
3746	23404
3885	24639
3533	20579
3579	20698
1895	19926
3179	19538
3080	19328
3533	20855
3283	19489
2888	19615
3759	22874
2741	17178
2459	19867
2301	20260
2862	21664
2713	20664
2359	19478
3067	18427
2928	18525
3266	20427
2817	20767
3139	20080
3568	22932
2668	18207
2616	20861
2983	18566
3786	23058
2929	20022
2842	17560
3150	21327
2746	19229
3666	22910
2421	17845
2345	16854
3756	22422
3222	22348
3347	19782
3140	18154
2813	17877
3788	22443
2975	18085
2732	18698
2643	19698
3435	22266
3537	22459
2356	19838
3173	21064
2432	19279
3291	19962
3898	21313
2484	18452
3233	20374
3040	22847
3357	21895
3585	22201
3018	20579
2745	20211
3199	21621
3005	20832
3423	21261
3285	22160
2818	18662
3276	21826
2848	18786
3557	22842
3851	22840
2909	21049
3045	19895
3284	18825
3434	22272
3136	21274
1718	18037
3542	23373
3794	22093
2863	16520
2213	20343
3123	21817
2214	18774
3228	18157
2394	18155
3233	18990
3312	20753
3767	20702
3576	21982
3127	18745
917	18799
3267	19594
2525	19119
2783	18614
3092	19444
2983	20423
3440	20265
2444	21525
2465	20062
2971	18228
3339	19780
3309	20611
2835	19896
2623	20002
2334	18970
3013	21391
2168	18980
2908	17042
3100	18686
2437	20970
2704	17249
3662	22182
2523	18659
2623	21294
3417	22633
2771	22327
3518	20807
3039	19199
3190	17114
2490	18606
3200	19850
3421	19833
3351	20844
2571	18281
2861	17875
2804	18208
3427	23431
3112	18257
3680	23017
3206	21300
3168	17877
3199	20584
2342	19689
2069	17555
3409	22114
2722	18973
2189	17506
3695	23302
2699	16357
3056	18950
3076	19525
3003	16905
1845	22351
2923	17312
3074	17924
2784	18796
2375	17588
2667	18811
3393	20307
3206	18549
3357	17476
2817	21609
3441	18343
3637	21392
2198	18413
2184	17884
3346	18681
2834	19173
3285	19791
3025	18333
2835	17042
3652	21983
3669	22595
2062	20221
2745	21912
3023	18996
3410	21706
3843	21635
2835	18864
3155	18900
3211	19467
2872	19430
2773	16891
3490	20544
3675	21941
2175	19915
3449	20333
2982	18772
3007	16833
2153	16896
2315	16612
2931	21280
2808	19095
2651	23242
3202	20903
3477	21953
3722	20370
2631	17730
3429	20441
3281	22547
2647	17254
3119	17745
3228	19704
3229	19985
3386	20352
2938	18461
3462	20308
2778	19111
3786	23018
2062	17812
3373	20245
3241	19362
2912	20488
2982	17727
3517	21657
2922	18578
2714	17747
3756	22578
2690	18189
2747	17721
3631	22312
3336	22062
2706	20293
3462	12321
2899	20779
2922	20350
2719	18802
2591	20930
3274	18716
2917	20141
3167	18678
3687	23486
3064	18431
2335	19666
3065	21410
3461	23551
3470	22425
3428	20305
3201	19099
2633	19378
3480	20170
2177	21467
3193	18620
2800	19472
3200	21003
3162	22559
3488	21372
3585	22124
2885	16707
3240	20444
3021	18823
3356	20420
2972	19246
3350	23858
3424	21556
3346	22880
3606	22095
3341	21597
2981	16995
2554	20758
3626	21485
2943	17297
3597	20086
1471	20141
3140	21543
3428	19782
3239	19452
1164	29948
2778	24599
3255	21029
2967	22070
2806	18126
3057	19891
3065	19925
3123	18071
3270	20397
2091	17148
2682	18306
3067	19918
3869	23817
2562	18222
3131	19388
3397	20547
3222	20022
3065	18187
3111	17590
3304	23231
3719	21050
3112	19680
2979	19918
2944	19816
3638	23013
3275	21118
2396	20187
2364	18467
3086	19784
2986	21008
2826	18428
3358	18994
2956	18214
3500	21705
2962	15878
3466	20681
2406	22704
3054	18960
3470	18661
1972	18119
2454	20122
2641	21898
3095	19547
3271	22320
3736	21856
3101	22000
2876	20592
3155	17609
3187	19246
3598	22617
2104	19058
3684	21353
3550	22440
2771	18061
2714	17214
2750	19117
2832	21966
2629	19487
3541	22398
3782	23820
3366	18464
2564	22064
2894	18705
3189	19835
3422	22984
2758	19586
3542	22183
2940	19402
3459	21321
2976	18363
2976	20448
1847	20249
3008	18123
3209	22099
3157	20426
3600	22060
1650	15703
3143	19511
2100	22826
3075	19135
2400	19564
2612	18708
2019	19971
2312	20879
3168	18332
3213	21368
3111	18050
1539	22596
1928	18023
3238	19979
3703	21413
2907	17657
2492	23873
2338	21679
3458	21586
3779	23041
3720	23689
2657	19913
2276	20993
3003	17928
3102	20619
3593	21822
3200	18660
2955	17331
3068	19365
3569	21295
2725	22413
2716	18390
2578	19958
2602	24203
3427	21517
3751	22348
3064	18676
3348	18936
3286	18557
2836	18848
2387	20729
3382	20626
3251	18042
3333	22942
2879	18634
3407	20862
2928	18193
2805	19615
2402	18725
2964	17522
2970	18999
2691	19143
2682	24580
3122	20370
3090	20138
2102	17714
3268	21667
3121	20027
3493	20048
2610	17103
2844	18187
2954	18467
3024	18761
3371	19921
3454	20393
1624	16368
3134	19729
3187	19089
2873	23482
3298	20167
3577	23701
2914	18031
3278	20789
3589	21790
3641	21774
3118	19088
3616	23052
2362	21928
2249	17947
3439	20161
3077	20456
2183	21983
2738	20978
3600	21185
2903	18461
2373	21378
2948	17834
2891	19619
2514	19075
3315	18262
3720	20759
3163	21950
2802	22534
3640	24480
2811	19368
3851	23328
3807	21436
2969	20724
3317	21834
3582	21883
3563	22267
2979	20251
3151	20149
3028	16607
3202	17144
2602	20848
3393	19607
2478	16680
3614	21416
3672	22166
3496	22788
2582	18935
1966	21245
3712	24264
3305	23072
2778	18720
3074	18454
2894	18504
3193	20921
3111	18942
3431	20496
1989	17075
2952	18689
3692	21137
3284	22206
3728	25614
2606	18904
3069	22381
3029	18006
3106	20056
2596	18980
3179	18808
2851	17398
3056	19868
3074	18726
3326	21590
2300	17877
3773	24082
4248	26519
3422	23136
4805	28680
3407	27064
4600	30299
4103	25259
3346	22853
4564	30136
4069	24161
4462	27723
3734	22531
4112	23844
2517	23322
4177	23718
4634	30274
3870	22526
4082	25019
4351	26066
3722	25386
4088	24956
4484	27759
4106	23994
3626	27189
3878	24748
4138	25112
3271	25519
3734	22978
3984	23023
4017	25491
2822	31390
4333	24666
4619	32359
3790	23823
3053	26654
4468	29853
4268	26405
3826	24336
4522	26509
4507	29227
3779	27675
4275	23917
4275	28706
3917	26994
3798	21597
4098	27529
4568	28598
4079	29150
3954	24640
4013	25920
4093	25029
3753	26677
3811	26810
2605	21413
4327	26274
4122	24166
4345	25623
3588	23137
3809	24507
3960	23941
4685	27740
4349	27206
3787	27363
4101	26126
4404	25815
4162	24604
4413	25436
3862	25923
4190	28623
2663	26010
4113	24966
3796	28330
4177	26682
3832	25113
4089	23305
4392	29107
4319	22533
4428	27229
3758	24911
4173	24716
3528	29345
3040	22510
3705	22126
3472	27275
4311	24691
4713	28904
3321	26066
4753	27977
3331	24099
4470	26794
4339	25362
3303	25378
4360	27386
2220	22454
4411	27518
4437	26289
4122	31253
3950	23761
4068	22981
3419	25608
3997	26323
4248	24229
4134	24185
3092	25337
4065	39840
4683	28480
2833	23051
4492	28305
3009	21420
4387	24090
3863	23785
3873	24979
3270	25140
4368	26748
3524	29097
4773	26079
4052	22160
4190	29288
3968	25772
3851	27641
4514	29906
2920	21856
2465	25596
3828	23156
3183	28277
3972	25207
4090	23880
4705	24764
1811	25120
3882	25712
3955	23504
4170	26280
3859	24714
3235	27893
3832	24435
4418	26641
4228	23314
1793	27345
4686	28259
4207	24558
3904	26946
3927	24301
4255	26719
4054	23682
4404	27840
4282	24404
3314	25826
3959	27515
3934	23756
4337	25782
2581	24345
2331	22920
4151	23726
4255	27747
4245	25985
3818	25503
4450	23829
4088	25254
3239	23058
4608	28100
3952	24027
2772	27754
3849	23662
3874	22644
3884	25013
3655	25225
4830	27236
3752	23385
1481	23764
4122	25272
2422	31157
3959	22835
4822	25007
4837	29803
4569	29483
3664	22394
3968	25907
4474	27186
3329	22718
3042	24269
3460	25786
3388	26779
2542	26207
3910	23321
4211	27603
4187	24610
4366	27557
3713	25071
4130	29311
3148	25385
3731	24323
3794	24627
3783	22883
4355	26565
4222	24178
4506	28431
3998	22508
4353	26642
4131	31543
3729	23837
2437	20678
4475	27118
3304	29311
3046	26408
3682	23105
4559	28424
3041	22385
4294	26998
4546	26992
2216	24176
2301	26454
4602	30737
4041	27828
4230	27285
3438	24242
3007	28197
4286	25166
4413	25906
4564	27706
3923	23422
4165	25167
4198	25951
4008	25238
3555	21969
4101	27719
1810	24020
3887	27093
3831	25145
4141	23038
4832	24604
4398	22025
4843	25322
2994	25917
4518	27324
4207	29797
3602	27627
2934	26836
3037	23555
4339	25958
2582	25327
4248	24777
4272	29279
3768	23963
4203	27393
3089	26393
3541	23012
3475	26250
3746	24960
4265	27356
4060	24744
4319	25765
3483	26920
4819	30183
4102	25416
3843	27964
2756	22801
3712	25439
4205	25309
2039	23782
3588	22509
3823	24323
3814	22894
4274	25787
4037	23228
4475	28601
2191	25880
4909	25674
4530	28865
3333	23827
2879	20741
4004	24415
3940	24291
3988	24081
3783	24838
2864	23470
3749	26040
4455	28631
3546	24652
2574	23893
4011	25714
4646	27405
3437	24730
4486	27016
4335	25846
4160	25681
4410	30340
4499	29699
3870	25757
4016	25403
4259	24281
4822	27254
4499	26273
4030	25320
3990	25581
4040	27929
3822	26141
3309	22892
4453	25543
4397	28218
3824	25295
4570	27477
4732	25965
4100	25078
3730	25455
3768	23029
3980	25288
3914	29787
2792	24907
4219	27641
4005	24404
4006	24876
3762	23217
4601	27546
3700	23581
3987	24106
2959	24619
2552	22932
4056	28838
4254	26274
4435	27661
4524	27392
4335	27691
3710	23668
4829	29380
4328	28780
3932	25100
3786	23553
2254	27116
2022	31963
4602	27615
4196	25917
4704	28914
3967	26508
4181	24662
3767	24118
3937	23337
4533	27760
4197	26286
3936	22986
3081	25564
4093	23898
4118	27448
2401	25490
2516	27659
3408	27952
2980	23840
4302	27443
3680	24268
3870	26962
3987	22972
4878	29037
4645	27944
3641	24105
4169	27010
3678	25692
4660	29297
3987	24347
4290	27202
3426	25013
4583	28297
4049	26134
3992	25097
4795	29711
2801	24419
3661	22795
3976	27417
4583	28233
3534	23174
3935	25465
3065	25878
4112	29200
4581	28373
4547	25675
4111	26359
4215	26430
3719	24779
3998	27551
4585	27665
3511	23744
3135	29383
3967	23018
4097	24902
3983	23048
4733	29117
4442	30626
4020	25380
4331	24585
4437	26889
2878	20944
3531	24711
2059	28960
4021	24014
4418	27761
4118	25316
2424	24352
3313	24948
2856	25605
2662	26043
4073	25089
4359	29750
3500	21440
4175	24270
4055	24190
3793	22230
3644	24042
3132	22136
4259	26173
4053	23989
4415	25557
4557	31499
3769	23998
4483	27962
4457	26031
4220	23759
4583	25124
2337	27377
4388	26447
3789	23025
2908	25091
1450	23227
3629	27675
4257	27593
3981	24811
3814	23479
4459	27393
3946	22273
3864	22936
3623	24286
4293	24643
3312	25167
2790	23501
3009	28149
3941	26102
2351	24963
4110	28334
3870	21010
4107	24403
4662	26428
4167	29647
3400	27621
4454	26641
2976	26653
3415	26891
4730	27321
3925	23895
2403	24432
2335	23584
3846	21975
3451	22833
2836	25551
3777	25782
3234	22611
4176	24571
4063	21863
4253	25379
4501	26555
3052	24226
3746	26587
3799	23152
4023	28008
4302	26751
4735	28815
3356	24128
4433	24923
4121	25400
3819	25167
4238	25484
3970	23132
3942	25814
4351	28357
4690	27361
4198	27127
3171	28463
3950	23909
2540	25610
4498	27491
1527	38526
4294	25420
3551	28279
3374	27616
4218	24884
2108	22864
3934	24356
4017	29731
2899	28389
2931	26037
4485	27841
3922	25665
3929	22759
4350	24733
4344	26974
4305	27344
4051	25427
4295	26772
4496	25705
2876	23897
3830	25062
1952	33683
3402	22429
2987	24985
3993	26144
4417	24836
4850	29999
4189	27361
3835	24269
3415	27462
4034	24890
4466	26677
4386	25088
3231	22046
4268	27345
4074	27721
3576	24234
4190	27373
4599	28268
3052	23644
4631	25119
2889	25322
3522	25088
3318	22488
4308	24410
4608	26543
4157	25933
4138	25455
4522	29689
4394	26385
4030	25030
3838	22569
3152	23613
3713	24044
3436	24266
4218	27629
4208	26121
3068	24539
4435	26158
4667	27011
4374	27311
4000	25821
4261	27094
3870	27274
3746	25812
2125	22703
3889	25365
3886	26982
1744	22611
4303	26129
3800	23955
4536	26349
2609	24499
4221	26006
3717	22092
4156	26398
3884	24610
2103	25118
2560	22321
3560	21836
3045	21866
3551	27202
3834	22890
3543	28208
4337	27439
3495	40991
3736	25941
4020	25390
3815	24024
2097	24566
3915	22910
4029	24362
3814	24395
3689	27483
3381	26572
4082	24478
3846	23162
2409	24221
3580	23604
4777	28649
4383	25578
3707	23838
4696	27063
4205	23114
1579	26700
3672	24261
3739	26185
4362	25693
4200	26377
4268	24670
4078	23817
3099	26197
4031	24837
4473	27984
3994	24452
4557	26553
4823	23992
4046	25239
4655	28485
3186	22958
4187	26067
4368	29046
4113	30215
4055	27806
3792	24165
2252	25981
3553	27029
4536	27283
3970	23428
4620	28594
3209	20506
3662	25442
4404	27762
4556	27670
4571	26887
2666	20738
3899	27116
3144	24291
3861	26572
4129	25825
3510	26957
4764	23269
3962	22306
4334	26768
4785	23707
3713	23578
4111	27006
2436	23428
4401	30353
3686	24564
4608	28779
3057	24527
4404	22456
3947	26145
3743	25018
4631	26769
4055	24159
3750	25976
4381	23764
4141	27078
4180	24730
3780	21627
4474	26550
3766	24249
4070	24809
2943	24616
4815	28355
4741	28787
3912	24265
4163	24890
4846	29406
2649	14523
4425	25605
4221	26591
3457	22559
1323	25277
4630	27154
4629	25327
4705	23843
4187	24728
4223	30860
3753	23014
3908	23138
3748	23707
3657	23946
4405	27385
3674	24873
3839	23518
3114	25160
3188	25895
3758	23512
4330	28445
3312	21352
4064	24134
3638	25654
3088	27894
4934	27289
2761	23918
3947	23617
4849	24835
3635	24371
3471	26565
3940	24430
3227	23669
4056	22750
3647	23832
4006	21133
4189	23514
2226	26498
2832	25101
3859	23955
4437	24552
3803	25342
4549	26655
3651	23561
4000	25487
4505	26739
4269	24824
2854	22889
4254	26939
3622	23129
4483	28172
4459	26017
4768	26970
3323	23635
2665	23042
3779	28587
4312	27034
3900	22766
3245	23737
4428	27432
3406	26140
1993	30799
3677	23071
3794	24450
4352	28505
3798	25889
4713	29645
3918	24127
4081	27222
3680	24047
3213	26004
4309	27735
4176	25249
3619	26452
4724	30050
3700	24407
4267	25849
3889	25043
4037	25037
4009	24079
4038	27338
4633	26850
4024	23746
4476	26761
4385	25036
3794	24370
3188	26965
3945	24479
4704	29009
4169	23894
2508	30562
4078	23598
3804	25022
4549	29425
3918	22031
4059	25632
4341	27060
4831	31282
4638	27885
4114	22678
3563	25599
4537	25331
4577	25867
4111	25055
3848	24548
3914	26931
4725	24316
4010	26004
4584	27665
4045	27134
3328	26443
3911	24414
4045	24493
4727	29697
3223	25635
2834	27926
3914	22100
4723	29081
3841	24124
3496	25575
3993	26364
3271	22003
4313	28071
4238	28455
3006	22870
4601	27446
3114	23563
3387	25083
4321	23926
4379	27219
4658	22439
3526	26173
4694	28224
3617	23584
3543	24872
4069	24228
3539	26576
4505	29169
3848	26851
3910	24713
3978	24388
4069	29439
4473	28572
2912	28012
4053	23262
3660	23223
3967	22661
4771	27402
4316	28246
4456	28501
4005	25078
3873	23305
4199	25465
3543	26999
3801	23289
4141	25648
4481	25921
2391	26657
4044	28067
4036	25017
4031	30260
4230	27763
3152	24784
4146	23553
4096	23836
4142	27540
2053	29843
3452	22451
4269	23984
4476	26279
4088	22314
4539	25706
4241	30700
3613	25368
4310	25529
3970	21669
3761	25700
4261	27279
4402	29409
3888	23213
3074	26180
4453	29652
4197	26017
3291	23940
4302	25390
4255	26647
3866	23814
3951	23640
4784	23583
4028	25735
4019	27079
4657	25726
4288	25882
3894	25871
2312	23203
3845	26026
2844	26418
2777	26492
3479	24267
3989	24070
3325	19418
4103	29414
4797	26689
3845	22980
1834	22531
4002	25685
4561	26847
4270	25693
4249	26477
4135	23424
4263	26233
4002	21473
3890	23799
3568	24008
3694	23087
3479	24238
4021	22949
4167	27545
3461	25583
4685	31225
2621	18987
3575	26407
2357	24017
3996	24777
4638	27607
3998	25572
3643	29155
3786	29517
4266	27616
4102	22908
4618	28279
3992	26634
3756	29258
3140	22831
3526	23406
3539	23389
3964	24784
3123	21799
4493	27312
4588	36348
3453	24567
4023	24226
4588	30392
4529	26632
4110	27667
4328	24995
4474	28047
3786	25673
4260	28186
3966	28118
4406	30904
4223	24615
3393	24569
3481	29550
3949	24227
4157	25383
3930	24694
4015	24771
4817	29818
3387	23372
3724	23422
4039	27298
3719	25899
4569	27505
4348	30162
4106	25835
4270	26737
3397	24483
4317	25762
4614	29606
3960	24637
4140	24959
3609	23747
3835	24899
4392	32230
3915	22826
3699	27122
3029	23523
3718	27658
4122	26304
4886	24030
3460	22463
3887	23327
4492	28449
4790	26962
3728	26318
4738	28650
3799	22829
3550	25595
3932	24405
4394	26402
3832	25254
4188	27718
3676	22670
4053	24082
4330	27724
4083	26429
3865	25205
4327	26293
3433	27320
4797	27254
4174	25268
3948	24508
4587	27560
3889	23698
3605	22717
3594	24970
3229	26918
3764	22362
3854	23937
4110	22799
4035	25538
3982	25434
4319	26653
3601	24184
4675	28177
1682	26336
3988	27312
4617	28005
3715	24847
4597	27187
3667	28103
4457	29248
4523	28284
3920	25602
4291	26610
4029	26432
3768	25716
3908	25240
3615	24818
3906	24401
4133	31066
4112	26275
4346	25569
4025	22847
4521	26965
4074	28645
3673	24217
4554	28857
4235	25138
3772	26476
2888	23317
4811	27474
3845	26179
4781	29109
3776	21922
3980	22485
4837	28326
2966	25517
4113	27781
3208	26860
4083	23182
4005	24293
5219	35768
5430	32565
5074	32279
4815	28070
5212	34359
4956	33644
5401	35034
4874	29900
5449	35604
4678	31426
5309	32696
3302	27880
4615	30449
4190	28486
5675	35410
2960	33951
5008	30518
5164	34050
5095	32196
4560	27459
5337	31725
3473	28320
3626	31000
3174	31793
4835	28960
5318	31959
5495	34322
5778	34408
4995	32458
2770	29907
3763	30457
4893	31118
4984	28535
4658	31480
4876	32053
5578	34512
5166	32584
5360	32196
3064	30698
4421	28097
4315	27352
2648	34950
5451	31550
4249	26778
3658	28077
2864	29661
5080	32347
5567	32513
5426	32599
5696	34946
3626	28125
5302	36679
4484	30878
5455	35453
3716	31228
5293	31522
4577	32757
5369	34657
4931	32644
4886	33567
4277	30622
5162	30046
5500	31245
3235	27088
4502	30611
4676	32330
4984	31449
4912	31120
4568	31891
5373	33212
5523	35193
4590	29792
4970	34779
4082	31331
5530	31186
5420	31384
5620	34311
5653	32306
5569	33290
3463	27252
5546	33116
4733	33138
4074	33798
5302	30799
4651	30482
5160	29945
4921	27520
4328	31713
1961	30462
5065	33800
4071	32971
4309	28786
4277	29831
5357	33006
5346	30891
4388	29118
3449	30532
5123	31175
5573	33446
4938	31020
5637	33977
3877	31142
5598	32942
5340	33658
3918	30063
3617	26143
4290	31634
4451	31161
5129	27954
4612	32871
3142	36134
3848	29268
3408	30578
5190	32020
4977	32177
5346	31117
5482	32048
5026	31996
4364	30126
5380	33805
5057	30643
4844	29121
5092	32057
5631	33014
3282	28532
4922	32475
5006	29599
5297	33437
3169	26449
4754	29135
4847	32344
5037	30082
5252	32113
4856	30206
4727	29116
4791	30208
5210	31240
5370	32741
4399	28846
5141	28828
3905	30416
5458	34936
3363	28614
4287	28427
4264	30431
5521	32714
4902	29460
4756	32022
4935	31002
4932	29960
3036	36856
4923	30214
2554	28492
4008	30433
3614	30613
4707	30673
5067	30818
5374	36708
5261	29825
4943	31170
5822	32363
4860	30031
4543	30372
3209	29791
5015	32594
4672	31453
3756	29219
4921	31313
5795	31690
5212	30038
5134	31610
4897	26393
4607	34858
5304	31899
4968	31985
4236	31605
4856	30158
3770	28957
4612	29961
5348	34032
4531	28916
4412	33006
4882	33576
3794	28741
4874	33283
4575	31984
5238	35466
5531	32066
5434	31675
3977	28941
4980	30473
5118	29294
5702	35112
3847	28790
4743	29584
5249	28388
5124	33891
5503	34968
5759	34316
4246	29404
5257	33091
5087	28374
4297	28151
4835	28881
4820	35748
5070	28291
4928	27946
4872	27755
4992	33933
4632	29259
5037	30943
4003	29009
5429	33189
3821	30769
4714	30176
5326	35071
5669	33227
4588	30088
4177	30578
4131	28894
5486	34218
4937	33931
5456	33688
4317	30520
4992	33855
5135	30214
5480	32393
4944	29967
5005	30982
4478	29448
3869	25472
4253	27471
5070	31681
2989	30882
4416	31184
4688	30310
5747	30935
3607	29740
3966	28492
4757	29350
4887	28139
4585	29517
4758	29931
5261	31475
4494	27671
3764	29954
5204	31027
5013	29150
5073	31706
4657	30516
4997	29324
5483	34149
2981	30703
4889	30039
5266	32241
4734	28552
4588	28890
5438	30824
4410	33399
4736	27674
5036	31884
5372	32460
5484	33672
2160	32941
4819	30990
5497	31978
4751	31903
5168	31557
4913	30891
5451	30665
5226	33881
5136	29937
5067	30524
4891	29904
4477	29009
3883	28918
4146	30229
4888	25686
4623	30355
2689	32488
4951	30150
4651	28863
4341	30120
4764	36944
4963	27636
4938	30616
4592	30111
4540	30842
5021	32250
3074	28987
5225	32019
5084	32555
5612	36612
3941	31319
4565	28545
4025	32688
5155	31712
5034	32478
4736	29925
5190	28720
4859	28525
3761	28104
5238	34629
3950	28909
5341	32690
4391	24932
4815	30972
4888	32452
4778	31859
4753	32358
4953	29459
3860	29780
4860	35114
5257	33515
4992	29051
4917	30128
5460	32894
3399	33214
3609	31370
4154	29508
4369	28621
4696	29141
4749	31949
3907	28737
4611	33595
5243	32976
4490	33624
4873	33345
5006	33399
5038	30882
4748	32378
4936	31140
5080	31559
4979	32485
5337	32720
4494	28548
4290	27720
5487	35125
4222	28390
3973	30169
5170	29338
3171	30547
5037	31945
3316	32695
4993	29520
5720	30839
5069	33024
4015	29270
5008	32306
4705	31497
5725	37914
5717	32717
2671	32506
5669	36687
4744	29925
4160	30650
4195	28773
5090	28582
5259	32359
4521	35026
4772	28517
3616	31735
5292	32742
4130	31315
4641	30375
4876	29036
5463	31548
4791	32115
5081	28363
4273	28335
3669	26757
3632	29142
3491	27349
5501	32675
5121	32099
4891	28281
4900	34322
5431	31340
5773	33271
4418	27833
4979	30533
5027	33684
5588	30448
5227	33317
4476	30698
2033	29172
5226	31564
5532	33447
5174	29725
4504	29420
4930	28812
5408	31892
4387	31453
5043	32009
5070	31241
4905	29456
4874	29288
3991	32529
5668	32593
5275	32638
4770	27373
5618	29287
3007	35423
5268	32988
5329	33050
5343	30415
5134	27380
4508	28264
4274	30570
5026	32654
5375	32116
4909	32836
4945	27157
4834	31260
5765	35019
5330	31373
5162	26693
5076	28685
5016	33116
4938	30653
2649	30344
5424	38240
4775	31425
5728	33057
5254	29812
4871	27833
4858	33022
5595	34291
4573	32809
5557	32697
4870	32646
5202	32311
3282	30363
5353	35239
5006	31093
5616	33492
4846	29953
4815	27728
5585	34578
4925	33056
4412	32722
2193	29812
4819	28788
5038	31126
5272	29698
2955	31182
5032	33032
4903	29260
5692	35838
5133	27663
5339	34182
5489	31419
5260	30952
4730	30113
3319	30853
3829	28873
4346	29737
5221	32676
4774	31843
4861	30586
5281	34368
4708	27350
4440	29690
5221	32598
5303	32345
5471	33943
4430	28251
5068	33781
4635	32448
5204	30117
4709	30531
3929	28430
5072	30574
5588	31428
3436	31438
5161	29716
4851	30006
5185	31085
4926	33645
5027	28694
4971	29980
4791	27790
4989	29450
4737	31350
5053	34387
5533	30535
4716	29449
3948	28596
5424	34909
4599	28847
5506	31961
5045	33412
5267	30865
3585	27751
4394	31141
4788	30656
5103	30659
2201	34979
4777	35931
5130	31562
4647	32147
5685	32612
4825	29826
5387	32651
5365	31839
4398	29864
4844	32983
5009	28706
4257	30144
3801	29711
4386	30934
4971	27292
3375	30120
5305	33364
5459	32718
4928	32478
3694	29370
5152	32566
5411	36018
5526	32649
4871	28877
5489	32168
5433	33011
4978	28509
4728	29055
3566	28984
5364	31806
4215	32628
5562	34837
5027	34765
4962	29542
4770	31518
5125	30140
5560	33422
2660	33534
5494	31073
4156	31924
5256	28940
4915	30965
5003	31322
5658	32798
4656	28420
3649	29346
5364	35116
3951	26644
4902	30354
4951	29535
4843	28502
4958	33040
4488	28055
3485	28905
3300	32031
3418	34423
4899	27740
4818	30699
4778	30799
5071	30192
4435	29240
5258	32551
5445	36084
2811	31669
4835	29644
5062	31660
4459	31854
5132	29189
4724	31259
3403	30465
4182	31394
5524	30956
5623	30657
3750	31211
5153	32542
5420	31622
5480	33144
4716	30990
5579	32177
4086	31687
4701	28834
5007	29832
2894	27594
5349	32840
5643	33844
4095	31227
4066	31950
4255	32039
4953	28724
4968	28849
3861	28517
5672	32939
5266	31428
3374	33404
4998	31508
5099	31764
4590	29005
5175	30120
5269	31564
5241	33162
4950	33492
5430	31843
4399	28110
5342	35527
4920	30410
5416	31695
5413	33255
4815	29951
4704	34239
5201	31789
4321	27395
4859	28690
4226	32741
5193	29226
5141	31919
4824	29415
4424	29862
5800	32757
4474	32594
4685	36747
4778	29056
5501	31221
5449	30146
4746	29884
4184	29319
4728	31458
2004	29333
4568	30655
5629	32743
4997	33219
5599	33945
4699	28942
5048	31855
4020	36148
5292	31528
2638	27391
4883	27281
3425	28046
4674	30576
4937	34474
3497	33532
4907	29993
4441	31904
4668	32215
5345	33159
4768	32018
4814	31030
4714	29802
5295	31042
5153	31640
4260	29872
5391	29929
4094	31396
3739	31063
4994	29471
4118	30044
5436	29816
4759	33148
5074	34334
5104	30256
5237	36454
4949	29280
5393	32237
5199	31612
2923	37148
4325	32393
4972	29585
5078	31932
4538	33685
5152	30284
4247	29090
4431	29557
4943	32181
5241	31789
5318	32972
3902	30680
5115	30540
5611	35531
4735	32547
3202	33605
4568	30958
3397	28718
4619	34550
5528	33065
5478	35102
4885	33187
3634	36177
4878	29697
4799	28991
4073	29268
2620	28774
2898	34470
5623	32167
5055	33765
4899	31244
5765	32925
5695	32954
2576	28875
3760	29944
4670	33333
5021	28909
5275	31166
5139	30966
4760	31639
5430	33496
2826	29583
4613	29949
4756	31140
4896	32332
5320	32846
4634	28914
4234	29086
5511	33457
5143	32785
4854	28602
3154	31848
4401	29383
5358	31948
5552	34968
5078	26871
5370	34158
3709	40537
5757	34520
4606	33585
5449	34178
4846	28896
4477	30072
5055	31383
4525	28191
4745	33505
5182	24840
5789	34703
4761	30589
4865	28973
2467	30180
2049	18477
4028	34646
4169	29017
4811	28515
5109	29850
4238	29169
3463	32383
5242	31700
3788	27555
4029	28305
5188	30352
4490	31054
5144	29814
4767	34034
5414	35801
4447	32724
4476	27693
3068	33391
5217	33020
3799	27546
5036	31054
5287	31100
4820	29858
5202	30401
5180	34296
4913	31898
5048	30297
5423	32528
4580	27657
3598	28205
4343	28300
5517	34499
5709	33745
4788	27399
4462	26386
5795	35735
4786	28956
5326	33168
3664	29753
5049	31192
3128	31395
2830	30715
4696	34624
5238	34144
3982	33145
5433	32283
4111	28576
4167	31725
5320	29174
5225	31201
5534	32701
5440	33127
5169	32999
4909	35109
4816	28987
5311	30853
5341	32298
4654	28465
4932	28667
3680	29392
4747	30785
3907	33917
4456	32237
5264	32730
4317	30005
5620	34399
5074	31120
4903	28835
4766	28829
5644	34679
5382	32585
4545	29781
5185	31397
3495	35545
3954	30548
3112	36303
5297	30224
3830	26166
4889	27854
5322	31436
4918	27488
4896	30185
5700	35757
4621	31342
5492	33566
5493	34594
3861	29852
4045	29078
5741	34322
5023	29939
4901	30634
4681	29637
3214	29868
5483	31682
4836	28793
4350	28681
5161	30245
5219	32453
5021	28405
4811	35331
3897	32177
5130	31997
5389	33829
4517	31303
4698	26025
5023	30817
4952	30685
3658	27115
4853	29316
4935	31646
5578	31001
5747	31484
5345	31314
5382	30441
3954	34958
5575	32965
5169	29739
3615	35189
4833	31492
4622	29787
5146	29868
5479	33259
5128	31240
5151	32613
4359	31649
4403	31996
5056	31280
4488	28566
4991	29667
4386	32739
4335	29792
5505	32141
4899	28682
5497	30927
3790	30105
4917	29286
5310	32671
3294	33357
4802	28507
4076	28940
5217	31629
3613	26413
2785	29798
4806	31011
4765	28616
5223	27561
3785	35607
5690	35207
5841	32081
4771	28835
3269	29695
1916	25030
4982	30742
4865	32179
5102	29928
5034	31878
4613	29725
4244	27697
4244	28426
4625	31509
5377	30137
5069	29979
4865	29910
4525	30864
5474	33619
4793	32371
4011	30500
4941	29620
4461	31860
5767	32285
4074	30495
4969	34367
4283	28673
3409	28412
4717	31868
4792	29958
4782	30886
3985	30303
5620	34110
4499	29284
4822	35054
5496	30100
4869	30315
2333	31027
4459	29870
4974	32936
2602	27193
5429	35175
4340	30029
2229	29589
4121	27412
5035	30300
4770	29125
5411	31358
2391	34273
5731	33078
4861	28518
2832	29441
3800	33107
4871	33735
3219	31878
3694	30729
4810	31040
4815	30955
5305	32129
2850	33114
5396	29576
4923	30314
5572	33648
5632	33716
5275	31794
4882	28225
3695	29002
5760	29517
3502	25777
5176	31955
5082	29062
5440	31888
5148	28383
3976	59710
3369	29374
5575	31430
5604	35179
4193	28948
4984	34030
4715	30315
5459	33890
5009	33510
5012	30137
5435	33089
4743	29120
5118	27833
4292	31638
4570	33342
4113	26788
5051	28987
5042	31375
5164	33681
4996	28564
5741	33676
5127	30696
4841	28114
3910	29202
5120	33899
4826	34805
5102	31322
4746	29162
4753	29563
5039	30789
3690	31038
3972	29050
3017	41001
4402	33226
5392	30350
5033	27798
4002	31116
5100	31695
5081	31938
4696	28093
4844	30894
4710	32537
4250	28218
4936	30508
5274	32909
5750	34146
5240	34757
4515	32578
5085	32689
6468	40457
6149	37074
6684	40801
5895	40387
5665	34446
4272	36188
6066	39490
6193	39485
5725	38092
6244	37627
6405	37634
3363	30797
5250	38342
6617	38251
6430	38605
5757	36955
6044	38888
5947	35544
4345	39879
6040	37798
3368	39777
5679	36072
5235	36158
4972	31865
6467	39502
5752	35769
5450	36081
3700	39490
6686	40567
6311	37111
4430	36431
5595	40705
5406	36896
6104	34189
6307	38881
5696	34916
4803	35735
6054	37515
6102	35549
5869	38070
6207	36380
5248	36675
4958	34639
5805	33548
6461	35756
5808	35401
5592	36467
4354	37500
6129	36099
6258	37796
5812	34687
5410	34237
4058	34792
6392	37222
6403	41788
6267	40567
5844	37676
4610	36004
5359	36212
5279	35595
6419	39339
6505	39760
6162	40168
3548	34062
6276	36656
5293	37682
5052	35597
5405	35528
5829	36743
5526	36813
5689	34721
6346	40625
4969	36504
3625	35233
4183	39855
5895	37302
6255	39934
6551	38369
5401	36936
4775	35029
5512	37080
5647	38404
2772	48470
5616	33495
5786	37182
5429	34773
4622	35068
5309	33047
3840	38471
5368	34892
4834	38838
3592	36559
6213	37858
3219	33708
6328	35967
5243	36319
5794	34657
6212	39901
6353	38015
5230	35447
5864	34709
4818	41760
5915	33987
4913	33833
3441	32910
4335	32377
5927	35361
5813	40496
4595	38442
6128	38502
6184	67979
5191	39380
5714	36675
5578	38919
6336	37521
6025	37139
4866	34791
4900	38234
5676	37173
5964	36906
5470	38486
6582	40272
3362	36025
6036	38197
5940	36039
5558	36429
5883	36018
6322	38585
6208	39102
5700	38866
5436	35470
6476	38691
5856	37287
5900	36432
6255	37616
5480	31468
6402	35688
3671	35949
3586	32687
6001	35794
5677	36343
5763	38569
6210	34619
4132	37806
6507	36761
4902	34610
5626	34761
5443	36557
6152	34822
6490	68313
6294	37038
6204	38307
5881	38700
5072	35236
6703	39345
6213	33565
6256	36379
3860	37478
5483	31839
6348	39979
5701	38241
5571	38869
6301	40800
4547	42272
5276	36490
6517	41331
5513	33033
3877	41356
2844	33710
5587	35226
5756	37970
6317	39170
6552	36827
5892	34242
4361	36447
5157	36492
5932	38890
6130	35558
6400	38031
5875	38218
5447	34793
5840	36860
5409	35746
6696	35918
5692	36009
4939	42332
5720	38158
5979	38905
5315	38883
4057	37667
5986	35538
5518	34078
6433	39616
3011	34109
5465	42471
6099	35259
5429	36993
6268	38943
5820	37074
6289	39077
5639	37311
6585	37384
5372	38976
6122	36978
5891	36747
6071	36742
6027	36693
5592	36049
6405	37932
6067	36254
5528	35230
4536	39467
5713	34847
4855	36184
5568	33925
6072	34062
5875	41468
3079	32468
2934	34563
6751	40556
6079	38243
5889	36114
4991	36033
6454	39247
6254	39971
6299	38040
5886	39209
6038	38120
3310	39914
5730	37576
4585	34895
5135	33047
3054	22741
6112	36917
5678	30354
6257	38629
6753	39006
6269	36975
6472	39607
6319	40382
5694	38777
4340	36495
5728	36214
6068	35444
5832	38428
6570	40676
5178	33857
5642	38125
5751	37075
6287	41112
5868	35281
6278	42495
5623	35826
5792	38927
2948	36747
5713	35012
3752	33176
5363	37207
5422	35340
6444	40140
6012	35472
5988	34865
5380	33067
6002	34945
6159	36825
6190	39499
3527	39229
5953	38932
6042	35215
6344	40326
5722	38716
4155	34232
5257	37523
5836	39826
5929	34770
6460	33945
6424	38096
6576	40842
6046	35071
5824	33563
4626	40085
6254	40017
6369	37257
6150	39391
6533	38983
5552	38151
6601	39469
5817	37558
5404	34838
6671	39981
5889	39423
3822	33598
6056	39316
6221	38151
6251	36833
5303	34706
5361	33867
5625	38448
6365	39794
5715	34224
5690	35979
6009	37281
5841	33307
5652	31650
5898	38592
6300	36917
5375	40042
5850	35218
6061	36315
6210	34684
6278	39211
5710	33850
5698	36057
6087	35634
5476	39011
6181	33971
5527	37017
6104	34949
6127	36047
5233	34816
3173	37204
5851	37396
5899	38847
4694	35613
6486	40782
6364	36507
6059	37710
5520	36309
3225	37837
6291	36847
6346	35908
4604	41657
6139	36754
3977	33842
5129	36069
6154	38878
5693	35453
5841	38309
5571	35272
5783	35572
5892	40144
6117	34124
6195	40572
6366	37344
4215	33918
6187	39987
5809	40132
4541	38278
5689	36411
4703	35611
5698	34046
4698	38054
6560	39149
5821	34482
6394	42746
3983	37655
6463	37193
4627	39137
6234	37913
6237	38060
5358	38513
6201	36928
5999	38210
5943	36355
6410	38749
5818	30612
5785	34087
5399	36516
5225	41370
5590	35402
6213	36530
5961	35358
6297	37228
5828	38574
3451	39098
5777	34898
6281	38221
5912	34762
5739	35346
5817	39028
5805	38773
6279	36870
5294	33237
6509	40663
4787	36414
5746	35420
6050	38696
4406	35474
6187	40310
5384	37461
5835	37328
5612	35256
5363	34723
6667	39898
5864	38097
5879	38654
5898	35396
6236	38197
5127	33424
6001	37763
3161	37219
6543	41515
6069	35646
5670	38578
5176	42488
4742	33779
6143	36503
4180	41359
3280	41111
6750	39255
5040	37834
5265	39354
5900	38458
5710	32509
6714	39697
3926	34961
6417	34896
6365	38325
6763	39082
5721	34368
6003	38382
6174	37643
6152	37140
5278	35520
4131	30255
5134	34246
4792	36618
5802	37666
6667	40144
3687	38158
5524	34196
6518	42655
4119	37607
5321	33895
5445	32994
6045	35452
5319	38209
5216	37806
6394	38719
5831	36427
5065	35862
6117	38408
6460	39409
6410	39765
6006	40895
5460	39931
5367	34370
6200	40590
6220	37397
6172	35075
6370	39132
5247	38241
4350	37500
6132	35653
5276	36488
6535	38457
6371	35963
5658	36154
5258	37928
5334	36482
3945	38666
6056	38148
6092	41024
5605	38133
6077	36434
5700	34474
5474	37004
6220	41203
5931	37695
4644	35996
5496	37176
6180	40719
3717	36967
5402	35384
4985	33867
6148	36104
5707	36077
5849	37478
5110	33252
5550	35352
5924	37618
5916	37896
2266	35905
4379	34778
4601	32319
5777	37381
6443	40146
6023	38585
6589	40370
6262	37044
5820	35918
6047	37343
5997	33656
6134	36534
5970	35891
5564	35314
4700	39174
6328	37607
5734	36761
5836	36971
5947	32196
5801	34629
6735	38909
4068	41277
5835	37989
4013	32964
6039	34947
5136	36585
4942	36747
4078	36177
6307	39772
6110	39947
6050	39504
5636	34244
5469	37002
5263	39354
6621	38614
5706	38186
5735	34574
3583	34738
6136	37003
6247	37029
5463	34287
5563	36264
4427	38404
6257	36780
6337	38779
5694	36788
5526	36925
5316	38960
5361	36924
5104	36377
4463	36602
6171	38771
6048	34617
4437	41784
6436	42654
5753	34580
5379	36258
6005	36116
4946	35346
6293	35569
3464	36641
6509	38404
5816	34123
6425	38233
5676	34862
5500	37490
5920	35787
6067	36797
5562	40010
6380	37418
6587	37997
6373	42068
5704	34874
6302	36321
6631	39596
5493	36639
6297	37023
4610	39252
6619	39425
4216	33921
4868	34377
5170	35744
2851	42132
5548	41919
4355	35650
5364	34893
4981	35564
6403	38109
6240	38597
5363	37455
6313	35283
5816	33100
6457	39171
5609	37079
6659	37157
5635	37252
4086	38845
5347	39051
2913	33044
6517	40794
4758	36597
5642	37046
6119	40711
5875	35889
5878	34100
6148	31717
4821	35769
6334	38039
5792	37909
5008	35524
6480	38884
4519	34296
5925	38870
6183	37496
5197	34782
6004	36034
4536	39275
6112	40000
6220	40438
5398	40323
6055	37884
6427	41265
5402	32201
5030	37674
4612	37832
6223	35067
6497	39622
5961	40954
6212	38079
5008	39942
6526	39247
5220	39680
6414	39880
6209	37276
6679	40592
6398	39104
6614	42228
3630	30822
4146	35848
5953	38096
4816	33388
5443	33075
6244	39603
6026	38265
5863	35850
6139	37330
4684	37431
6544	41112
6058	38081
6113	38540
5866	38450
4531	32898
5675	34333
6081	37505
3989	33774
5355	33230
5987	36612
6265	42397
6005	40307
6306	38269
6899	37138
6198	37569
5584	36122
6295	39500
6628	38222
5973	34465
5732	36993
4464	33654
5713	37887
5316	35980
5467	35190
6119	36758
4686	39933
5907	36853
6520	38467
5285	39851
6128	36046
6060	37446
3889	33293
5950	37267
6681	36941
6493	38818
5870	33462
5192	36917
4702	37966
4027	35078
5886	37349
5622	36289
5830	35685
6480	37165
6321	37075
6370	40567
5770	36396
4486	34177
3917	32035
6087	36888
6549	39865
5576	33993
3784	34057
6042	37943
4329	34324
5543	36968
5594	34648
6238	39035
4880	39679
5602	35469
4261	33350
5859	36175
5865	37276
5431	39411
5379	39973
6042	40605
4842	36096
6380	38445
6398	34705
5687	32619
4983	32856
6181	39717
5693	35039
6533	37322
5853	34688
5932	34401
4566	39705
6593	41586
5559	35525
5557	33993
5826	37885
6821	40217
1111	20173
4980	34992
6429	38270
6037	36907
5282	37630
5350	35449
5839	38035
6604	38488
5243	40433
5467	34853
6077	35946
5406	35416
5896	37393
5107	41104
3264	38600
6331	36677
5762	35842
5325	36228
6426	37268
5572	36549
4319	35568
5521	39513
4857	36120
5238	40383
5314	36768
4136	36170
6183	36557
5983	35048
6033	40127
5904	36279
4463	31960
5978	36136
5882	34698
5786	35433
5551	40963
6283	38134
5302	34619
6227	34978
5210	35319
5967	38482
6529	39922
5098	33741
5973	36952
5673	37158
6055	33786
6242	36216
5748	35178
6442	37131
6029	35621
4462	35590
5755	36579
5524	34940
5938	33159
6053	36699
6593	38431
6108	36096
6198	36385
5872	35071
5618	37798
6144	34663
5971	35330
6400	39537
6397	37000
6044	35379
6137	36709
5797	37487
5380	31356
6089	35723
6480	35859
5725	36061
6335	36428
5120	35989
5769	35276
6174	33078
5408	35289
2698	35526
5839	36617
5807	39815
5021	38510
5708	42227
4308	36635
4883	38839
6060	40078
5602	37615
6403	44113
5636	35745
4570	38510
5657	41127
6127	41445
5907	41513
6077	36509
5386	42625
5707	40172
5787	40065
5717	41273
6002	42519
6184	41863
6197	37650
4237	37319
5613	37376
6256	42688
6009	37336
6377	43344
5750	38572
5874	35951
5319	36393
5629	40456
5655	40597
6024	39978
6091	41446
6550	44110
6097	42775
3690	38202
5173	41331
6058	42195
3437	38014
6387	44485
6669	44777
6379	41831
6471	40619
6265	41759
3079	37233
5040	40813
5858	41368
4108	35260
6121	39290
5573	38637
6141	39225
6009	38445
5387	39768
6169	38461
6034	29644
6143	39505
6269	40978
6231	41095
6446	41834
6758	44519
5585	44270
4805	43069
6505	42522
4071	34275
6345	42854
5556	38308
6363	43212
6195	40193
4820	35921
6276	40759
6432	39723
4820	37189
5235	41546
6281	40568
3925	35054
6564	45093
5947	43645
5636	39936
5645	37376
5386	38371
6709	37899
6075	39647
5848	37785
4774	37732
6053	38644
5202	38318
5937	36891
5820	46788
6037	38150
5942	41152
5267	45350
3729	35633
6004	41965
6241	40813
6096	40506
5468	40274
3640	34378
6184	39960
6679	41921
5587	35314
6145	42102
6043	38796
5948	37230
5690	40491
5103	39525
5704	40543
5755	38851
4478	37067
6463	42711
5365	39714
6237	43986
6024	38489
5788	40415
4426	32693
3602	39194
5341	41354
5244	37376
6300	44269
5423	41056
4076	43128
4309	38343
5979	40026
5781	37573
3994	44011
4261	36457
6056	39434
4004	39392
4628	42512
5409	37707
5204	38498
5281	39844
5896	40266
5781	43577
6100	36692
5991	42062
5981	36266
6034	39518
5930	36777
5792	41699
3681	40312
5522	37335
5979	41117
4888	35332
5984	41887
5926	38862
5862	37532
5407	38506
6197	39461
5996	40610
5745	39184
5811	41603
4994	40793
6006	43359
6111	42357
5994	39647
3589	41297
4135	34097
6005	42177
5314	37845
5392	40333
5577	38402
5882	38203
6167	39440
6591	43651
5518	38283
5649	38441
5779	37616
4342	35554
6666	43057
6527	41791
3943	43622
6576	46868
6113	41691
5800	41474
6260	43413
6663	42921
5942	40778
5885	38399
4873	37101
5649	36491
6129	43660
6107	38435
2690	39542
6549	44927
5475	35413
5912	39529
5824	39406
3098	36221
6436	39068
6004	41794
4872	36373
5980	36163
6265	42857
5333	38111
5652	40546
5938	41608
6432	44441
5932	37029
5539	42680
6218	41668
6009	37747
4750	41851
6184	41482
4670	36322
6202	39895
6580	45187
5953	36961
4744	32633
5985	33781
6393	42771
6118	36183
6216	33310
4215	34296
6627	43523
6664	45233
6548	47025
6888	48495
4905	43717
7044	49613
6317	44297
7260	47960
7148	47254
7223	46856
6117	46200
6797	44475
6852	43838
6695	43337
7279	48571
7570	50161
5909	42773
6381	45906
5325	42949
7132	48686
6387	43469
6379	45391
7404	48213
7339	46646
7107	43659
6654	47524
6679	43399
6882	47428
5731	48680
7506	47459
7221	50813
6578	40029
6964	51506
7012	32496
7153	45719
6954	41411
7382	41846
6812	45012
7056	48640
6666	44134
7408	51722
5910	46794
6693	44179
6381	46992
7298	51167
5745	41726
6391	47473
6350	51650
7216	48780
6598	50474
6469	39826
6846	42392
7094	48545
6459	47451
7146	44640
7298	44949
7303	47755
6246	43921
6785	41391
7397	49519
6255	42451
6611	44173
6374	47673
6929	45165
6808	48634
6966	44831
5784	51265
3878	48050
6602	43380
7076	42539
7460	48516
6431	41093
6095	49339
6167	44418
6788	45885
7353	47776
6400	49291
6666	45609
6436	46371
3346	42511
6770	45392
7215	47944
7394	48301
6185	43763
6682	43190
6541	39444
6390	40470
7036	47596
6578	40984
6961	48555
3186	39272
6131	47757
6640	49263
6460	42681
5052	42640
6035	52403
6357	41863
7021	47976
6963	45623
6664	47189
6833	43888
6956	47366
7902	37549
5992	50971
6489	44653
6899	44096
7260	49314
7013	48448
6767	41816
6965	44022
7635	50711
6275	50527
6205	42047
5480	40655
7264	42976
7118	48198
6439	49582
7154	48115
6398	42424
7237	48141
6551	44996
7643	50512
6152	46221
6646	48152
7004	44035
6909	46671
6889	43971
2694	41116
5430	45767
6909	45925
7273	46583
6755	45062
6570	43968
7137	47190
6603	42093
6675	47679
6767	48944
7086	47397
6755	45534
6911	48990
4072	50336
7369	44101
7441	50937
6688	46681
5798	50538
5062	43607
7077	50138
5779	44472
6986	47591
3886	50947
3652	44359
4808	45963
6579	39520
6269	44652
7245	47996
6967	46352
5636	43332
6643	47702
5947	40934
6457	50976
6907	45505
4764	44160
6804	46627
6741	45446
7174	45096
4465	47799
6691	47906
6628	45614
7303	50016
6980	44914
6694	44490
5839	47473
6732	45248
7181	49450
5562	45854
5647	43994
7045	52218
6630	48604
6926	44275
4638	43506
6879	46545
5646	49933
6682	47397
7220	48867
5545	48234
6043	47756
5930	44873
7407	49011
6888	48968
5471	47073
6747	44367
5383	44971
4950	41019
6616	45177
4488	44352
5312	40063
6415	40978
4410	40265
6438	46567
6461	52185
5896	48084
6467	45869
3996	36405
5641	43037
6765	49273
6564	44160
6435	42767
6938	44919
5881	43281
7143	49961
6549	46739
3086	42211
7416	51539
5801	39496
6537	39951
4605	42936
6877	40650
7696	48293
7416	46566
5650	46964
7806	41078
5633	43845
6681	44385
6755	44627
7189	42859
7445	50474
6289	39696
7119	53525
6567	52677
7639	47996
5670	45393
7213	47390
5610	41716
7175	48710
7017	49053
6227	44030
4592	50550
5428	45868
6441	44140
7650	50324
7430	46460
5619	45314
7397	47722
4242	44628
4793	40329
6344	45145
6968	44914
6859	45241
5539	48802
7169	44562
6847	39705
6133	46896
3744	47316
4903	45181
7374	46603
5937	44816
7016	43680
6574	43394
3696	41660
2858	41096
3885	44719
7316	49041
6993	44950
7315	45477
6849	46905
6272	47574
2711	42619
6653	48454
6349	42376
6818	45122
5400	49402
7583	50092
4926	47043
6622	43359
6484	43210
5235	42775
6804	45816
7203	48486
5401	40245
7203	47580
7343	49360
6400	42050
5331	47911
6775	44741
7161	47957
7301	46892
6864	42381
7380	47702
6771	46370
6621	45874
6660	42143
6595	46971
6930	44984
7128	45466
6342	46107
3866	44083
6606	46637
6255	45473
6320	41878
6180	44499
7654	50759
5478	43399
6403	43554
6711	45033
6828	44750
5484	49325
6387	46722
6039	41746
7221	48975
7508	52459
6212	49686
5300	43886
6778	43170
7179	45665
6835	44700
7499	51773
6897	46611
6295	48559
7507	37698
6707	46987
7050	49449
5537	40792
6695	48883
7202	47835
6799	47983
6516	43896
6906	44213
6853	48269
6395	50945
6037	43412
6585	44025
4783	48537
5702	46380
5819	41403
7455	50148
6760	45070
6437	46685
7048	47440
6385	44314
5576	42176
7385	52738
7337	46682
4633	39318
5808	40505
7205	44098
5871	47685
6600	48193
5048	40386
6261	47650
4592	42886
5497	43767
6662	43894
6748	46036
7558	49602
6801	42502
4828	44811
6593	49191
3991	48736
5204	42921
6451	43202
6761	40692
6690	47729
7255	47118
6732	47013
7467	51964
5729	46420
6645	42960
7339	49346
4947	41301
6547	50764
6753	47748
6801	46452
6879	39855
7463	46226
6803	46772
6164	45152
2393	44660
6489	46762
6531	46988
4268	38279
6758	44734
6308	46058
7157	51154
5374	49697
7511	49259
6462	42789
5184	43909
6935	47897
7057	44569
5487	45488
7267	45776
7369	45228
6576	47645
7516	50768
6866	43021
7358	45090
6603	40887
7296	48212
5718	45399
6710	45025
6703	47465
6780	46935
7644	51352
6639	51907
5305	48721
7451	51662
6778	43463
6067	44322
7276	48486
6750	45840
6536	45166
6572	47143
5827	43910
6496	45643
7020	49474
6659	47002
5850	44576
4354	38549
6003	42055
4678	41257
6427	44592
6743	47168
6797	45501
6890	45387
7462	48095
6182	45806
7133	46090
5534	48228
5432	48895
4963	41734
6813	46969
6817	44704
7215	49713
3783	46256
6924	44912
6858	46852
4613	41917
4631	44774
7249	48699
7156	43771
5336	50749
6943	45595
5196	44059
6909	45213
7064	47096
6744	41168
6570	44645
6604	43910
6987	43216
6463	46084
7325	46206
5110	43398
6439	47220
6441	46256
7213	44676
6514	42269
6711	46301
6387	42401
6793	45949
7303	49498
6644	46847
6409	44487
4857	43545
7139	44179
6771	45995
7500	51623
7175	46668
6101	44808
3319	41439
7501	47501
5939	47597
6741	47293
5125	41565
6244	49126
7071	48124
6504	42669
6848	48064
6817	46378
7668	48596
6678	44941
5088	45588
7546	53858
7172	47629
7261	48578
7185	47359
6984	48691
6776	40772
6964	43569
6257	46204
7347	50980
6981	41851
7224	42797
6820	44010
7034	47608
6058	44746
6688	43691
6793	45294
6423	46323
6882	47982
7000	46357
6539	45623
7462	39890
7069	43540
6765	44134
4971	43985
7471	44571
7403	50745
6752	46945
6858	49538
5903	41261
6953	51394
6904	42778
6927	53411
6502	41227
7184	51114
5223	40914
7404	45002
7431	50664
6377	49852
5721	44963
6848	40380
6101	47309
3777	47005
6793	48118
6854	46041
6685	48242
5286	44328
6583	44030
6950	47376
7007	44291
7287	48445
7277	47404
7296	41757
5320	42793
5902	41501
6991	43981
6713	44732
5637	52299
6847	46741
7366	43537
5097	48480
6616	43912
7489	48411
5447	38175
7354	46728
6795	43068
4413	45162
7207	49033
5388	43454
6562	40578
6784	39512
7422	51182
6482	45498
7607	47296
6702	47747
5756	43293
6942	50993
6367	38116
6917	48670
6522	37962
6964	44473
5150	46677
7469	49259
6697	39208
7028	46682
6981	47523
5330	43759
6978	46006
7196	47511
6320	46298
7135	44916
3300	42160
4716	46204
6418	44544
5668	43050
6731	44086
6643	44492
6351	42720
7314	49622
6506	46127
6775	43680
7235	48326
6235	46213
7094	46711
6964	46620
6341	48720
7290	48741
6466	41289
6663	46898
3815	43805
6580	40261
5025	46027
7261	48023
7422	46648
7492	48484
6562	47323
7473	50164
7409	51674
6782	43410
7042	47544
5440	49509
7299	45825
5893	44396
5299	44780
6779	40953
7341	50464
5832	49560
6044	40212
4427	42471
5282	40120
5819	45089
3853	39376
6400	42284
6405	48442
6184	48712
7117	47711
6411	48593
7269	48372
7236	45682
5429	49181
7040	47100
5104	43791
6667	47071
7359	46343
7056	44642
5293	44546
4290	41075
6403	45114
6689	40893
6931	44445
6013	52159
6605	43995
7443	50458
6597	43893
6545	46028
6549	37233
6006	45440
7480	52400
6935	49341
6757	45474
5832	47143
7745	46655
7556	51011
5305	45612
5847	46594
3011	40631
6351	44029
7257	48044
6597	45553
6750	47324
6683	38326
5473	42628
6242	46023
7029	45011
6802	48420
6142	45605
6891	40435
3813	47448
7216	48478
7525	50540
7216	49073
6554	52142
7157	45655
7449	48815
6928	42730
6869	47649
3623	46453
6392	44057
7523	51402
6979	45034
5848	45199
7429	51193
5745	44932
7268	51106
6996	47526
6623	52435
7058	50196
7175	48085
7388	47565
4903	46009
6338	43844
3488	46525
6647	47339
6381	46193
7189	50211
4603	42511
6889	43206
7140	50178
4482	44320
7037	47279
6724	42484
3867	58070
5824	48043
6085	42674
7420	48049
3794	43010
7536	48516
6671	45601
7503	51356
6836	43287
5127	42982
6945	47811
7237	49239
7139	50723
6983	42884
5790	48454
6671	42998
6834	50198
7331	49291
7704	46408
3609	43889
7077	46406
6418	45257
7152	46322
6659	45130
7171	45863
7464	44551
6797	47092
7556	46458
7430	48562
6796	44731
6813	47386
6991	49104
5448	43724
7034	49007
6799	47150
7227	46191
5164	42179
6581	43229
7124	43018
7067	48758
7703	46677
7257	50409
6352	48000
6393	38589
7486	51289
7355	51088
6513	42698
6550	44135
6755	48470
7617	50760
6541	46548
7053	43175
6693	45647
6462	43642
6360	48057
7181	47764
7834	48349
7020	46045
6452	50079
7381	48431
6612	43882
6861	46488
7299	47854
5781	42411
6021	48078
6130	42634
5665	37764
6715	38229
6025	47845
5127	44845
7196	48918
6994	49830
5678	50773
6163	45044
6245	44400
7283	42096
7521	45219
7042	47361
4198	38112
4769	51800
6296	43623
7297	47068
5216	40515
6609	46136
7343	51448
7370	48264
7189	46395
7665	48899
7643	48155
7293	46611
7132	46612
6995	47881
7014	41073
6918	45703
6483	46565
7347	50988
6924	43749
6944	43913
6434	41932
5945	46442
6505	48702
2937	44800
6674	52316
7296	51126
7816	48952
4303	44735
5000	44437
7447	42845
5024	43600
7281	47748
6913	43985
5755	39525
6906	44270
7069	46319
6384	44568
6751	47903
7165	47448
7254	47083
2857	47130
4206	41562
6729	44778
6531	45458
5890	46758
6844	45211
7169	50737
7224	47404
4730	43737
4479	41038
6764	50922
7123	47127
4750	38378
7139	46064
6039	43124
6709	47718
7648	52024
6240	49944
7491	50620
6303	38912
6179	41868
6484	40766
6492	48810
7083	46660
2558	43898
4502	43006
6907	43175
6677	44891
7620	48239
3496	44847
6070	45729
7229	47829
7088	44503
6420	48788
5826	45895
5197	48984
6350	38634
6213	43092
6933	47841
6182	43483
7020	47904
6330	44782
6442	45095
6206	43256
6599	45436
6345	49593
7052	43837
6901	44396
6057	44195
5349	43062
6464	49172
6865	47719
6440	46947
4531	48975
6917	45069
5013	42555
7103	48110
6738	48055
7084	45308
2511	47683
7031	47830
6879	47484
6801	46308
7172	50674
4190	47099
6493	44566
5828	45507
5658	42184
6096	43935
6960	48535
5865	45589
6408	46480
7282	48744
6094	37407
6979	45964
6748	48447
6700	44029
5447	38313
7163	47243
5277	46874
6077	47313
7035	46897
4430	45836
7122	47726
7113	45540
6440	44096
7087	54081
6621	46950
6144	44967
7388	49228
6849	46251
4853	41636
7546	46681
6937	45311
2813	43741
5557	31275
6640	50497
5693	47008
6339	44971
6220	44217
6033	48258
6242	46457
6954	45110
7171	46056
7324	43719
7440	46650
5963	41935
5727	48205
6879	46482
6535	46418
7369	49448
6171	47689
442	68446
6730	47387
6715	46180
7597	47607
6939	45092
6710	44917
6219	45552
6687	45610
7542	50195
7431	49981
6494	41825
6242	45960
6743	47218
6699	45607
6196	42411
6677	45660
6990	42654
3770	54768
6348	39680
6979	48944
7709	50026
6992	43938
3467	41320
7072	45141
6458	48049
7347	45759
6275	47074
6581	45433
5843	44088
7018	44859
7521	47051
6897	46355
6534	47706
4289	39261
7605	47226
6564	47130
7307	46973
7162	45652
6542	42570
6614	47769
6928	44133
6901	51039
6108	43774
6734	43617
6950	41844
5439	41638
6410	45669
7269	47918
6498	48730
6893	45946
6251	51013
6555	45786
6063	43029
5404	43352
6212	46981
4261	38875
5694	41900
6919	44224
6477	52657
7148	48721
6959	40755
7184	49639
6963	44955
7163	49005
7181	50849
6697	43215
6898	46800
5176	42390
7166	39065
7453	50587
5728	46870
6461	44891
6253	47965
6628	44512
7623	51475
6818	43841
7146	46749
6756	43729
7621	48378
8191	57310
7647	49525
7449	52311
6849	55747
7599	55689
8598	58235
7698	49196
7740	49492
7247	44946
7715	49359
8191	55375
4743	42685
6384	46487
7685	50824
4056	45614
8229	56613
8157	48912
7402	47054
6785	47225
8037	52638
8008	49072
7905	47120
7283	52217
8328	49999
7786	56172
6976	53590
7850	48578
6966	42265
8107	44525
5662	38234
7735	46863
7438	42525
7910	47398
7549	46670
5994	37068
8166	43761
4349	45969
7348	45289
7980	44858
5898	41843
8131	45685
5779	43224
7807	41336
7072	45038
5131	41759
7896	41071
7764	46438
8111	45927
6989	41563
7815	44645
6411	45229
7748	46870
6863	45094
7822	43758
6652	41726
8134	47828
7598	44241
7930	44766
6391	43408
8209	49377
7804	43652
8505	46300
7582	45167
8710	45231
6140	42407
6794	45594
7704	42945
8458	48250
7906	42438
7836	43503
6495	41491
8466	47819
7873	45265
4810	40389
8377	47624
7448	43875
8107	47510
8079	47765
6799	42386
7909	47146
6310	43833
7854	43872
7851	48280
6031	45607
7182	42599
7089	41019
7994	48437
7719	46351
5632	42678
8442	45287
7742	45742
7573	42845
8073	44659
6480	45416
7425	42897
6057	41595
7872	43683
8610	45674
5435	43724
7359	41146
7939	44429
7866	42598
7806	44112
7422	42774
3925	44099
7743	41076
6032	45003
7995	48620
7110	44230
6316	41682
7467	45308
6255	46360
7138	35690
4002	49022
7796	42290
6999	40436
8104	46919
8572	47307
5840	42971
7742	43979
7320	42807
7300	43882
8069	43767
8439	45078
8723	47083
8327	45590
8273	47026
7637	45107
8114	44925
6531	48539
7728	42499
7936	54826
8672	51580
7869	55742
8444	51037
7213	44795
7395	49364
7144	53691
6587	44371
6258	44946
8320	53091
8705	52622
7841	50397
7620	46938
7792	50651
7215	49168
4983	45258
7109	51712
7178	49091
7819	46420
7754	48835
7016	52594
6833	48817
7915	50145
7580	47938
8263	46655
7267	47835
6395	44451
8038	51891
5696	47610
6436	45214
7861	45593
6261	42299
7975	50402
3911	51338
7400	50974
6286	49800
7437	46806
6083	44901
7721	47767
7085	45545
7191	51401
8154	54274
7698	54583
6463	46719
5942	46593
8509	54213
6679	43827
7441	51902
7409	49141
4993	46138
8101	46134
6944	48414
6909	51859
7570	51189
7097	52147
6911	45904
7680	44099
8049	54508
7670	50446
8069	51758
7409	45509
6970	48344
4461	49296
7754	52654
6607	45372
7709	44681
7895	40381
4734	47946
8620	52334
7838	47793
8069	38633
5040	51579
7692	51701
6732	46200
8682	52490
8438	52281
7682	43038
8217	50747
8540	51739
5699	46881
7271	45499
7778	50633
8289	50521
7886	49715
7836	52161
8068	48143
8002	48535
8594	51724
8287	50003
5397	47085
7761	42488
6645	44557
8093	50000
7812	44862
6454	46122
7853	51017
7288	51490
8172	48099
8565	46767
7755	46201
5729	45834
5832	47098
8585	45198
8222	53965
7871	53524
6797	48081
7319	48040
7191	51332
7261	52090
8009	52814
6756	47919
7957	54100
8289	52073
8466	50542
8190	51721
8374	49855
4780	47626
8608	53968
7641	60735
6966	49933
6265	46454
6593	41741
7667	58657
7956	39585
8251	52981
8041	41622
5606	50273
7191	49183
8409	50508
7289	50455
6319	51349
3358	55154
7957	50376
7421	50874
6710	53328
8474	50739
7443	50511
7221	46697
8139	50774
6212	49530
7856	48857
8202	52300
8166	46288
6920	49599
7632	46695
7494	42375
7765	47444
7414	46708
8383	51313
7603	48560
8146	49571
7085	51199
7316	46106
6908	39723
8426	51871
7012	48141
8475	52852
5790	42107
6912	47588
6364	48176
6447	47398
1241	39858
7627	51571
6114	48696
8156	49808
6697	55383
7694	47294
5874	42850
5224	50672
6939	50827
6032	44841
8302	53594
8228	50561
8245	48632
6222	44390
7979	48763
4160	51625
7741	49893
6426	46466
7612	56011
7914	46717
7610	52393
8099	50321
8395	50769
7337	49294
8164	51101
7948	45779
6507	46138
8406	51668
8180	48939
6808	48686
7320	48470
7943	50207
7538	48415
5796	48108
7478	49216
7972	47864
5286	49432
5549	48649
7758	49324
7051	48390
7971	50800
7134	47395
7746	44710
7425	44848
8321	52530
7330	46519
7058	52394
8344	52184
7829	48674
7767	47736
5868	48737
6944	50606
7103	50812
7895	46664
6727	49981
7486	46892
5648	46208
7956	49077
5012	43382
7413	49192
6511	42386
7632	48853
7196	46313
8421	48139
6372	50767
7786	49106
7155	44261
5915	47726
7813	49058
7518	47620
7068	49076
3045	52800
8431	50925
7233	54473
7383	46466
6606	49562
6786	48381
7438	49175
6905	51705
7123	47246
4475	49881
6271	42481
4731	49053
7952	49607
8049	48921
6693	48102
7652	47515
7517	52795
4225	47167
7362	47846
7677	46500
7575	47323
8496	50223
7091	48957
7852	46178
8155	50753
4648	42617
6541	51938
7898	50894
8537	51931
8607	51117
8476	51153
8518	42679
8557	51047
8485	49702
7555	47793
5370	45621
8221	53521
7390	45239
5824	47648
6183	46310
6746	49235
7858	50781
7890	46065
8365	54886
5864	45223
8067	48018
7847	49819
7560	46378
7427	46982
8101	47859
7792	47582
7779	43112
8261	50318
7700	53207
6899	48192
7819	46853
7287	47756
4316	47514
8145	48047
7896	42550
8115	49850
7907	51988
5672	45202
8442	43222
7801	53252
7716	47717
7858	47668
8073	47354
8182	52165
7659	46170
7377	47496
7663	45784
6747	49299
8164	51260
7721	53206
6962	44181
7695	45660
7574	49577
8018	48946
7898	51198
8069	46154
7515	49108
7724	46465
6868	47203
7367	53167
6180	47633
8111	51514
7576	48451
7501	47711
8262	49473
8171	48529
8730	52609
8517	49808
8192	47276
7594	44903
8404	49282
7267	43374
5880	42266
7733	46204
7269	47933
7488	44427
7555	47562
8468	49010
7993	41618
8078	47610
7578	50571
4255	45888
8007	50043
7202	46902
7161	46549
5713	47400
7623	50127
8452	50503
7453	47492
7985	49838
8118	49213
8350	51295
3072	50745
7310	44605
7624	48091
8049	46386
5757	50965
6394	49613
7896	50041
7657	44690
7761	46804
8570	49428
6482	46881
6576	47761
7722	48068
7268	45901
8100	43658
7383	46785
7908	49225
7711	46114
7472	53067
7512	54073
7978	49274
8180	47750
7666	51398
8273	51740
6441	45409
7820	46712
5866	46528
4029	42425
7109	47339
6786	46014
8077	49900
7451	45700
8201	52175
7929	47825
8051	52217
7826	50041
7123	46623
3992	47256
7297	47715
7742	44279
6585	47627
5875	45825
3980	43626
7673	43728
7600	48089
6112	47667
8060	50002
5138	43368
7024	46095
6652	40877
7286	46561
5954	51704
6748	51003
6357	42679
5343	42995
7834	49136
5703	45352
6244	46296
6093	49152
8521	52168
7641	48130
2235	51444
6998	51098
6837	55596
8524	51014
7952	45822
7144	45227
7407	48184
6067	49295
6005	43819
7590	54670
5797	45509
7558	43609
5606	38685
7680	49201
8346	49908
8048	48096
6291	52138
7719	47387
7734	51465
7972	46811
8109	47806
7861	48414
3289	52730
7011	47122
8731	53886
5579	46830
8387	52093
7043	47147
5261	48628
7576	46040
7454	50532
7804	49567
7486	46250
7688	48040
7892	47258
7831	50375
7721	48316
6767	45452
7743	49060
8184	49119
7720	49763
7364	50328
7147	49569
8015	53162
3917	50002
4701	46985
4149	48820
7789	49180
6289	51465
5918	41556
7650	49685
8452	54619
8036	46975
7516	49110
5149	44695
7680	47357
5663	42673
8433	49960
6771	47083
6509	43986
8250	46789
7714	46564
7657	46603
8358	52168
5720	43984
7404	46893
7723	44216
7749	47452
7469	48254
7598	50104
7906	47851
5932	48212
7684	48201
7766	50807
8407	51330
8066	47716
8331	52776
8255	50621
7125	50023
6824	47959
8120	49063
7964	52660
7858	45678
6164	46921
7858	50919
5866	47726
6312	45482
7819	49328
8248	53880
8152	50400
6270	46555
8207	50482
7998	49078
7801	47022
4253	45665
7591	48360
7629	47016
7879	50561
7608	46546
7436	52349
7183	47779
7650	46150
7787	47979
7050	45226
7861	53115
7659	48079
8135	47317
8334	53521
8116	47798
5580	48354
6746	47518
7525	49835
7865	49540
8352	51457
6374	53034
7400	46870
7744	47246
7864	49355
6332	48503
7942	48361
7458	46366
7947	49693
6132	48129
6852	47952
8234	50917
5890	44171
7104	51940
7951	46732
6201	46767
7519	47418
7689	45760
7505	46620
7074	47189
6173	48956
8012	51386
6645	43967
6478	47527
7813	48179
7248	47529
8291	50666
5802	46703
5456	47461
5561	48107
8470	49708
7618	49304
6593	44563
7556	49531
7300	44170
8032	49883
7875	43802
8237	49956
7726	44857
8537	52278
6747	50624
8009	52194
3110	52359
8517	48514
6093	47138
5721	46692
7571	48007
7767	50484
6785	46712
6954	48652
6899	48671
7674	45351
7843	45205
6249	48041
8448	51402
7006	48536
7798	50674
8095	49714
4287	46707
7847	49230
7149	52358
7851	50747
4882	53395
8251	49845
3555	55318
8309	48696
8318	48857
4556	47264
6889	45731
8372	52243
8079	48880
5762	43834
7138	45323
8201	55706
7680	46601
7696	47670
7860	44644
7975	51926
8205	50403
4251	46159
6056	47720
7921	48874
6582	43215
8002	49687
5424	46094
6809	50527
7868	47364
7472	46819
5265	45286
8019	48762
8386	45960
6910	49002
6604	47756
8321	193002
7333	47081
7324	48736
4796	40309
4208	42588
7683	50972
7234	45728
7462	49149
7023	46033
7376	51577
7317	47328
8166	51310
8223	144776
8247	47728
8018	50774
6258	44429
7647	47432
7476	46678
4657	47932
8256	51431
8555	50775
8649	47973
7780	45749
8006	48825
8518	51734
7483	47916
7330	48315
7644	46006
7601	48899
7778	46526
7692	49312
6990	49597
7481	45260
4378	47470
5913	43170
6473	51499
7964	50657
5300	50920
8152	47821
8329	52535
8034	51115
7354	49990
7607	47559
8096	50087
8263	51498
7211	49995
6726	46661
7863	48182
7867	51528
7218	45459
8227	52270
6357	47558
8100	51132
7759	49146
7314	54258
7377	47954
7690	49106
5071	54672
7506	44462
4852	48043
8108	51944
6717	44927
8257	48034
6637	49428
5103	56095
7615	47560
6726	46634
7940	49694
8457	49958
7798	46601
7368	51460
7832	48213
6686	46502
5296	50585
7534	49744
7813	49467
6586	48199
5339	47634
5715	43208
5739	43099
7493	46010
7631	49406
6911	50247
5496	49265
7765	48253
6941	48503
8429	50500
7454	48775
4582	37667
7930	45629
7472	48642
6278	48520
7092	47946
6724	45192
8323	51022
8318	47828
8390	52604
7713	51200
7926	49291
7365	47956
7912	49351
3769	47538
7986	46923
6561	52313
7259	46709
8234	47569
7173	49118
7708	40444
8683	53689
5879	43778
7916	49102
7634	52834
7614	44023
8357	50602
8115	48599
7269	48437
8165	49104
8036	48731
7856	47204
6708	50205
7762	46180
5510	46471
7911	48271
7528	49414
7599	46424
6366	43952
5243	45959
7946	52433
8150	42808
8433	47577
7224	48184
8129	50585
7812	52796
7902	48935
7498	47658
7742	43918
8383	50318
8340	52078
5695	48577
5220	46480
7767	49721
7818	47483
8541	53583
7732	49740
7632	45522
7913	51549
7672	47644
8192	48973
7871	51706
8091	49955
7532	43677
8100	46191
8379	51044
7447	45370
8430	50219
7906	51358
7627	44696
4857	50666
7859	46417
6873	46225
8104	48361
7176	48278
7113	43875
3750	48747
8377	50216
6737	45496
7734	50947
7911	48147
8001	49468
7973	46205
8050	49241
7917	46833
7425	49296
8459	49196
7183	48281
5895	49923
8388	50275
7654	47060
7445	43361
8061	49970
7944	49845
8192	49949
5972	44144
7678	49480
4189	49197
6668	52369
7733	48791
4638	44623
8477	52992
7995	52220
3937	32291
7422	45771
7831	50409
8080	53236
7977	47802
6966	50673
8196	48248
7579	47591
8012	50837
8301	49585
7762	47769
7700	46936
6698	48116
6760	50010
5188	48408
8283	54714
7643	45425
8414	53900
8148	51287
7703	51600
7810	51269
7790	51861
6940	44465
6721	45704
8189	47609
7099	46429
8187	47671
8015	50600
7284	48137
7898	54957
7996	50168
7831	51601
7846	53075
6809	47464
8030	49279
7162	49585
4587	49597
7307	47635
7204	46356
8205	48019
7655	51074
5700	52962
6999	45056
7887	48104
5163	40073
8277	52973
6859	48804
7905	56391
7847	47253
7382	49894
5359	47494
7279	46021
7832	51181
8065	52467
7792	46612
7905	52410
7648	47764
7975	50372
7270	47578
2816	47706
8280	48690
7828	49988
7659	49129
6568	55113
4158	54779
8313	53414
7651	52913
8790	56341
8453	56952
7674	51152
8773	50004
8558	55383
8960	56279
6879	52037
5433	54912
7819	51827
7869	76797
8355	54570
7981	51950
9220	56018
6769	57339
9420	55557
8916	53110
9316	57751
8787	52463
8417	54053
8390	51152
7195	54055
6625	52462
9444	57149
9160	56522
9456	59711
9060	55713
9104	55835
5944	54291
8059	56050
8513	52999
3889	54395
9402	56007
8266	60622
8774	56992
8837	52253
6380	53605
8695	51292
8615	53403
6041	56756
8481	57292
8792	57369
9110	56673
9064	56597
7067	57655
8656	53266
8599	54692
8587	51572
8758	52927
8212	52374
9245	53486
7610	54084
8474	56080
8351	51698
7906	52231
8789	53901
9429	54854
8909	53720
8323	54595
8604	54652
9464	57491
7121	53239
8278	53864
8835	61388
6906	55880
8661	53113
8765	50877
9271	57606
9073	54261
9010	54632
9102	60017
9103	54373
8633	50660
9234	58059
7749	52225
8731	52645
8657	57559
6529	49655
8852	52382
5244	60308
9232	57409
7498	53410
7733	59671
7505	57012
8672	55943
6847	51074
8483	56570
8280	54811
9495	55422
8902	53682
8846	51318
9124	53767
8129	57395
8758	48332
6694	56029
5647	56694
7637	51919
7369	51916
8443	52511
6258	52418
8737	57660
7738	55937
8596	55431
9055	54851
8996	54067
8159	54203
9279	55731
8829	49364
3112	59513
8416	53130
8447	53410
8391	51097
9219	55837
6874	59243
8897	52208
8826	53660
8443	57324
8658	54076
9404	58860
8033	56152
7479	58456
8749	53889
8168	57935
9523	119176
8402	59941
9269	55270
8356	53594
8813	54130
8961	53019
8722	55855
8234	56394
8771	54738
4371	54389
9480	57881
8370	56139
8314	50222
9004	56492
9043	57417
8646	50701
9377	57123
9038	57792
9234	58070
8835	53004
8531	56575
7712	53364
9328	56525
9053	53570
8366	52988
7781	54890
6875	62427
9640	58560
9030	54861
7766	54136
7916	49059
9461	58574
9035	55772
8498	50672
5984	46776
9090	53497
8974	58228
9076	50070
8684	54380
9193	55402
8854	52495
5155	49506
8463	53538
7721	56488
8104	50499
8435	50724
8004	50361
8961	51397
8156	54680
8034	53975
8545	57879
5250	46567
7514	54347
7803	50834
8784	54922
8673	52815
8836	57213
8818	54136
8478	52808
8712	53284
9165	54850
8549	59343
8117	53555
8692	56680
4812	54644
8499	52770
9758	58885
8212	54870
8637	53377
8583	50645
8658	54943
7413	52191
9060	57128
4812	58358
6155	57309
8047	56786
6162	55043
4896	52490
6414	49883
8360	52920
4873	46522
7223	52234
8788	54581
8909	55396
7959	56637
8682	51889
6615	50063
9356	55184
8760	50286
7813	58463
5103	60472
7429	51173
8670	53909
8306	49341
5848	55536
6171	50685
5382	57015
3403	50020
4095	63544
8758	55656
9064	51986
9363	56985
9285	56999
9002	57717
9044	58443
9041	54586
8723	55694
8490	53109
8993	54934
9201	55585
7226	53227
6291	49644
9317	53204
8926	56335
4910	50231
8031	53936
8579	54920
8724	51068
7161	52415
8837	54124
7618	49525
6448	50953
8006	49157
8205	53517
9061	52643
7334	51883
8342	56169
9339	54469
7009	55578
8974	50924
9082	55922
8806	55489
8796	52471
8015	53841
8224	56748
7406	56196
9868	50359
9272	57707
5697	49665
7726	51934
8876	59177
8149	56745
8342	54318
8532	53346
8594	52513
8666	42257
9229	57675
7513	55262
7111	57391
8736	56129
8381	53273
6498	54098
7499	52956
8248	50921
8584	56006
8788	50411
6796	57533
8792	56786
5690	49135
5994	45885
7239	48960
9138	57249
7121	56042
9201	54102
9472	54134
8860	52404
7848	50469
8783	55185
8772	56719
8915	54773
8664	54171
4942	57978
8116	52683
8458	54712
9192	58740
6708	51757
7999	52209
7649	56280
7104	59258
5454	54617
9196	55769
9228	52122
8901	58826
8415	54394
7866	53748
8360	51171
9381	57372
6433	53165
8698	56059
8379	54577
8003	52670
7024	51622
9457	56446
9048	56174
7067	49749
7830	57495
8488	54258
8164	61546
9077	53856
8346	54347
8702	54583
8597	55466
9245	53076
8400	55213
7693	51670
8447	56964
6631	54315
8815	54849
7751	58197
8131	54820
7987	55279
3976	54431
8672	54233
8562	52167
6498	53465
7398	54224
8734	51751
8600	55417
9128	53990
8461	55644
8462	52760
9566	61264
9301	54508
8524	53193
8418	54831
8056	49704
5724	51657
8992	56878
8504	55186
8220	53151
5151	45383
8421	53919
7212	54369
7807	53530
4771	59565
9005	57035
7178	58025
8134	55076
8634	54889
6746	58090
8886	57282
9069	58547
5163	56607
8695	54321
9155	56023
8595	51249
8703	56451
4153	53911
8957	55401
8792	54333
7146	51533
9458	56462
7995	55447
4070	49127
8415	54333
9092	59604
4261	54978
8773	59226
9093	55113
8932	55460
8543	50243
8430	50680
5754	51940
8336	51884
5727	48805
9201	54426
9165	55273
8840	56671
9080	60212
7334	47230
8594	58250
6863	54658
9231	55924
8461	57222
8956	52169
6942	49893
8787	55620
8849	56702
8728	57177
8500	56603
7720	56192
8153	54539
9023	56740
9316	59829
8352	54445
6297	50555
5155	45433
9038	52401
7220	55245
8512	51279
8624	59300
9137	55545
8923	51870
8791	60412
9120	54888
7799	53995
8918	52763
9134	58046
9414	58685
9096	53693
9104	222003
7724	52238
4837	50533
8458	54302
7638	51167
8091	50268
6432	52339
9012	54061
8761	53843
8840	50874
8680	57211
8845	53170
9024	57081
6726	48495
6889	51777
8577	57115
7312	55992
9056	60400
9429	57134
8981	54303
6332	54235
8554	53899
7306	51452
8723	52149
8395	54934
7332	53722
9287	52684
8345	56925
7579	61575
6774	54491
9595	56785
8150	51260
8775	54069
7857	54165
7992	55908
5986	54275
7148	52363
9321	57846
9149	56139
8313	50857
8590	53054
8534	62934
8531	52160
8156	60454
8802	54993
8686	54727
4634	51860
9276	54966
8088	52980
8038	52233
9263	58112
3763	64545
8119	52175
8941	55820
8053	52829
8533	52310
5914	48537
9501	54602
8684	56630
7864	62202
6752	53216
7273	56868
9091	58363
8890	52040
8991	57585
6248	52371
6584	54185
8853	52335
6963	55532
8811	56811
9490	57419
8664	55236
8032	54972
7685	58666
9218	56457
8498	50831
8915	59210
8428	53586
8439	59116
9004	54627
9216	51701
7430	54273
9297	54710
6528	50673
8545	54224
9557	54616
8676	51217
9176	52409
8325	57765
6795	52499
9358	55561
7223	52943
7164	49642
5531	52383
9162	57150
9193	52508
8042	51391
8206	57354
9078	56598
9246	57111
8270	54501
7718	54488
9398	58588
8907	53845
7991	50873
7463	55484
8335	52425
8357	52877
8393	50956
9427	58136
8114	51294
6902	50303
8475	53564
8725	55447
7419	55696
8075	60366
9549	60110
9011	57598
8651	52438
9486	55334
8717	54285
7591	52342
8638	53564
7640	51379
8968	52082
8743	57801
8493	51526
5531	43712
7885	54157
8820	53983
7879	50878
9250	54142
6176	56917
9013	54318
8816	57450
9203	56115
4769	53201
8165	57248
9303	55964
9088	56176
8660	55857
9237	60871
8184	51230
7611	54526
6321	51250
7539	52287
6910	50120
7074	51308
8880	54022
9191	53146
8117	56755
7244	46765
8696	55348
7880	50883
9377	55365
8654	54227
8157	57317
8576	52448
5763	53190
8486	57740
8066	50765
6002	56561
4378	47954
8171	51037
4447	49703
9430	56405
9564	59360
9158	55240
9077	54739
5889	47022
8501	56826
8716	51317
8905	55504
8738	58099
9330	54206
7834	51672
8785	51106
9323	56279
8769	47566
6023	52522
4323	49701
9130	53324
8871	54748
9307	53473
5364	69516
8857	55394
8396	49302
8176	51111
8802	57670
8222	56522
8828	56187
8817	49727
7966	49745
7111	56646
7458	50751
5383	54543
9476	54673
8308	54285
8846	54615
8481	55705
9183	55527
8692	52361
8879	53947
8786	51910
8783	49409
9526	61217
6242	42795
8803	54874
7856	51902
8782	55126
6405	49405
7436	51891
8247	48716
8442	47840
8453	49126
9215	57824
9444	58104
7778	52730
7081	49597
8575	51064
7875	53421
6136	53276
8013	57531
8993	53392
8433	57321
8441	54369
6982	52542
9266	60115
9063	53130
8975	54027
9296	57447
8398	54919
6213	48823
8339	51704
8951	56173
8272	54681
7980	57107
7578	60715
8325	52303
8729	53017
8469	51995
7512	51990
5987	50557
6226	52161
7297	55204
6102	55193
8835	52538
5432	54543
8541	58862
7428	49571
6376	52686
9090	59611
8419	54492
8047	53405
8671	54270
3853	46560
8557	48400
8293	56397
9492	56015
8228	55112
9017	51722
7944	52301
4606	55709
8421	52298
9033	57619
8499	55679
9308	54706
7755	54853
8859	55975
8172	51373
9432	59765
8913	54213
9445	58716
8005	52013
7753	52138
9464	53961
7506	55406
9285	57881
8190	56916
7378	49657
5878	54377
8948	58518
8329	56542
8444	51235
8840	55430
8758	57364
8297	52587
5987	51689
8948	54094
8244	55163
8659	54639
8982	53445
8687	55290
9085	59254
6206	52233
8503	54575
8222	55991
8660	55170
5890	52281
9044	56419
6844	60865
9112	54804
7887	57066
8944	57095
8203	58250
5109	53221
8840	55552
8624	55604
7754	52643
7349	56075
7677	57333
8546	55879
8799	51644
5158	50079
8417	53586
8539	55315
6900	58940
9181	57693
8460	53410
9226	57239
6839	46087
9361	53821
7901	50982
8032	56993
8710	52371
8650	57020
9491	52198
5159	60693
8492	53322
9296	55385
7255	54336
8667	55367
9315	57383
6301	45349
8498	60113
7634	54848
4357	59095
8702	54078
8406	52385
8462	56693
8538	58424
4933	52137
8790	56343
9388	60006
9017	56339
9429	60954
8497	52582
9051	53829
8564	53813
8061	49448
9110	50445
8782	52900
8261	49501
7710	55811
6890	52911
8854	53787
9242	56108
5986	48404
7289	54575
8801	52132
8615	57531
8220	53994
7992	55518
9009	59340
7563	57718
6976	49899
9322	58570
8607	55109
4274	46932
9130	58137
7823	52784
8013	53530
8963	55370
4945	46205
8369	57162
8401	51897
8488	53562
8029	55950
8727	52878
8725	55687
8782	54164
6680	53327
8587	52812
6240	59723
7389	51707
9308	55457
8831	51983
8301	54649
9117	55935
9450	56418
6233	50667
8061	56099
7885	53022
9171	55207
9362	55005
8232	50964
7386	58562
8286	51642
8914	56418
9144	55888
8814	56624
8393	52959
8925	57830
8773	52339
8594	54017
8745	54445
8843	56014
6858	53955
6377	52529
7950	54175
9132	54819
7227	59147
7683	50245
8841	55979
8415	53346
5264	62933
9203	58284
8921	59288
9106	54198
8185	57581
9204	58160
8669	54637
5156	49567
8234	51488
8830	56147
7009	59607
4625	55589
6637	55047
8746	52573
6252	51892
8355	54819
9017	53643
8637	53891
8762	52833
7228	56322
9154	59942
8325	51854
8657	51475
8076	46940
8931	52869
6603	47088
8773	53564
6215	54372
8584	52652
8942	58120
6948	55394
9142	56003
8471	52280
8676	51192
8482	52127
8926	51937
5241	52353
9123	57178
7843	53785
8554	56136
9454	58862
8946	53559
8844	54742
9049	53008
9315	56278
8504	51470
8115	52284
7885	53966
5762	48592
8656	55835
8054	47820
9310	56270
8408	50096
6873	53280
9008	53595
8157	53750
5449	54721
5549	58732
9164	53952
9525	57512
8777	52017
8534	55303
6725	50570
5460	49567
8560	54848
8282	49512
4530	49851
8472	54949
8496	51189
9304	52737
8647	56107
9143	54757
7073	52110
8599	52154
7745	57496
8528	52705
9178	53972
9242	58175
8194	54977
9626	56135
8955	57241
8091	51769
7847	54844
7125	52156
5423	67054
8506	52980
8615	51770
9125	54048
9457	58580
8651	52974
8487	50820
8473	49869
8194	57066
8615	52985
8565	54115
3596	62953
8503	56395
7821	55111
7436	53402
6878	50581
9161	52989
8407	53794
8944	53858
8065	55323
5862	54976
8212	54015
7113	53783
8160	54614
9367	55260
8676	51060
9152	53617
9246	57537
9282	59412
8702	48498
9220	58580
8433	60634
4390	58307
2621	59460
6326	52554
9014	53287
8223	55475
9054	57858
8154	54777
7345	52031
9048	53270
7700	58572
9372	54259
6377	54895
8299	52293
7987	49475
8283	57337
8631	55888
9047	56111
8598	54182
9024	58821
8615	54324
8091	52571
8408	59828
6870	52156
6641	52022
6061	52664
8406	60074
5395	49099
6467	55327
8573	52889
9141	55710
9521	57198
8750	50497
7501	52749
5121	53005
9527	55479
8611	56708
8937	55649
8569	55009
8818	58577
9256	56948
8744	58152
6803	55772
8592	53829
