0	0	12	4098
0	1	12	616
0	2	12	599
0	3	12	596
0	4	12	603
0	5	12	583
0	6	12	599
0	7	12	586
0	8	12	587
0	9	12	583
1	0	4588	160336
1	1	4588	156966
1	2	4588	135221
1	3	4588	136692
1	4	4588	129103
1	5	4588	130919
1	6	4588	131384
1	7	4588	178659
1	8	4588	172734
1	9	4588	143316
2	0	65	2279278
2	1	65	2277812
2	2	65	2476862
2	3	65	2408349
2	4	65	2179246
2	5	65	2594196
2	6	65	2555768
2	7	65	2116636
2	8	65	2400779
2	9	65	2152972
3	0	206	80194
3	1	206	49782
3	2	206	50340
3	3	206	52679
3	4	206	54274
3	5	206	49223
3	6	206	49135
3	7	206	48870
3	8	206	51041
3	9	206	59340
4	0	956	833799
4	1	956	825843
4	2	956	831653
4	3	956	1220261
4	4	956	830195
4	5	956	830421
4	6	956	836874
4	7	956	832519
4	8	956	848659
4	9	956	838982
