0	0	12	3479
0	1	12	621
0	2	12	609
0	3	12	608
0	4	12	627
0	5	12	617
0	6	12	604
0	7	12	603
0	8	12	604
0	9	12	604
1	0	4588	183118
1	1	4588	155175
1	2	4588	135969
1	3	4588	156162
1	4	4588	155005
1	5	4588	146261
1	6	4588	151921
1	7	4588	176046
1	8	4588	172747
1	9	4588	144087
2	0	65	6013592
2	1	65	5572502
2	2	65	6203465
2	3	65	5436538
2	4	65	5690497
2	5	65	6327452
2	6	65	5067239
2	7	65	4996992
2	8	65	5367388
2	9	65	5712238
3	0	206	194242103
3	1	206	222311154
3	2	206	229973507
3	3	206	237635860
3	4	206	236603715
3	5	206	236603715
3	6	206	214648801
3	7	206	199324095
3	8	206	191661742
3	9	206	192693886
