0	0	12	590
0	1	12	590
0	2	12	588
0	3	12	610
0	4	12	599
0	5	12	587
0	6	12	586
0	7	12	594
0	8	12	589
0	9	12	610
1	0	4588	252661
1	1	4588	203303
1	2	4588	140232
1	3	4588	161296
1	4	4588	160169
1	5	4588	175307
1	6	4588	138460
1	7	4588	189086
1	8	4588	146977
1	9	4588	146748
2	0	65	4094202
2	1	65	4089030
2	2	65	4131512
2	3	65	4097504
2	4	65	4066343
2	5	65	4104001
2	6	65	4054072
2	7	65	4145670
2	8	65	4129635
2	9	65	4109913
3	0	206	46961
3	1	206	46983
3	2	206	46897
3	3	206	46998
3	4	206	47048
3	5	206	47020
3	6	206	47545
3	7	206	48238
3	8	206	48130
3	9	206	48212
4	0	956	847733
4	1	956	848866
4	2	956	849409
4	3	956	849155
4	4	956	851085
4	5	956	855023
4	6	956	850442
4	7	956	848389
4	8	956	848535
4	9	956	846559
