0	0	980	19510668
0	1	980	19421319
0	2	980	19347988
0	3	980	19371183
0	4	980	19464584
0	5	980	19511605
0	6	980	19478715
0	7	980	19447739
0	8	980	19426230
0	9	980	19417260
1	0	29222	363885
1	1	29222	281065
1	2	29222	282042
1	3	29222	282965
1	4	29222	282878
1	5	29222	283102
1	6	29222	284557
1	7	29222	282751
1	8	29222	283927
1	9	29222	283251
2	0	4601	563684
2	1	4601	554565
2	2	4601	554719
2	3	4601	554582
2	4	4601	554306
2	5	4601	554350
2	6	4601	554667
2	7	4601	554923
2	8	4601	554929
2	9	4601	554652
3	0	654	2375548
3	1	654	2342059
3	2	654	2343708
3	3	654	2346186
3	4	654	2354104
3	5	654	2344911
3	6	654	2346166
3	7	654	2349008
3	8	654	2348851
3	9	654	2340126
4	0	302	134572
4	1	302	116156
4	2	302	115059
4	3	302	114510
4	4	302	116101
4	5	302	114641
4	6	302	114645
4	7	302	114599
4	8	302	114652
4	9	302	114640
5	0	2342	13763
5	1	2342	8366
5	2	2342	8286
5	3	2342	8434
5	4	2342	8271
5	5	2342	8326
5	6	2342	8300
5	7	2342	8344
5	8	2342	8280
5	9	2342	8267
6	0	80	6563
6	1	80	5248
6	2	80	5204
6	3	80	5219
6	4	80	5216
6	5	80	5203
6	6	80	7418
6	7	80	5337
6	8	80	5195
6	9	80	5213
7	0	270	522783
7	1	270	386131
7	2	270	389205
7	3	270	372888
7	4	270	395273
7	5	270	409134
7	6	270	415015
7	7	270	386883
7	8	270	408688
7	9	270	390016
8	0	240	2487
8	1	240	1133
8	2	240	1123
8	3	240	1123
8	4	240	1157
8	5	240	1119
8	6	240	1119
8	7	240	1122
8	8	240	1119
8	9	240	1123
9	0	17492	138202
9	1	17492	119828
9	2	17492	120981
9	3	17492	120803
9	4	17492	120969
9	5	17492	121328
9	6	17492	120034
9	7	17492	120505
9	8	17492	120438
9	9	17492	120350
