0	0	12	955
0	1	12	672
0	2	12	604
0	3	12	594
0	4	12	609
0	5	12	596
0	6	12	619
0	7	12	602
0	8	12	591
0	9	12	590
1	0	0	30724
1	1	0	30029
1	2	0	30048
1	3	0	30047
1	4	0	30065
1	5	0	30029
1	6	0	30061
1	7	0	30025
1	8	0	30067
1	9	0	30039
2	0	65	2113038
2	1	65	2114047
2	2	65	2115510
2	3	65	2119142
2	4	65	2124442
2	5	65	2122378
2	6	65	2123494
2	7	65	2117252
2	8	65	2114486
2	9	65	2114612
3	0	0	607
3	1	0	491
3	2	0	404
3	3	0	408
3	4	0	399
3	5	0	399
3	6	0	398
3	7	0	400
3	8	0	399
3	9	0	404
4	0	956	841154
4	1	956	837954
4	2	956	838093
4	3	956	840092
4	4	956	841485
4	5	956	837624
4	6	956	837717
4	7	956	837537
4	8	956	837414
4	9	956	837462
