1024	897
322	638
1634	1107
1132	928
1159	893
761	756
1141	927
1435	1013
1687	1216
1732	1150
1219	1082
1203	1019
1153	923
1348	927
1279	954
779	741
989	833
1559	991
859	852
941	1030
1692	1199
1015	919
1410	1050
972	779
1035	1695
1649	1167
1534	1023
981	758
977	799
1234	932
1802	1027
1444	1053
1690	1160
1540	1054
979	834
1612	1083
1519	1009
1699	1085
975	974
1295	927
1072	909
1590	1186
1247	883
1004	888
253	637
908	854
921	767
1453	1056
961	796
532	664
1131	860
795	695
1933	1207
1165	898
1342	963
1693	1129
648	677
1454	1024
755	692
966	867
994	883
1737	1267
869	787
766	871
1874	1250
681	723
1458	1088
1131	886
955	832
946	763
1032	830
1733	1114
972	733
1530	1092
1078	980
1150	928
1045	813
1265	949
761	761
999	877
1676	1319
900	796
498	742
1590	1041
1189	929
1033	811
1405	980
1163	957
1251	909
1674	1265
1290	948
766	736
1637	1125
1281	1078
1187	896
1151	854
1343	1017
979	829
1059	801
1220	912
1768	1151
947	693
1569	1163
1073	834
1090	805
831	768
1068	788
1030	768
1042	835
1097	876
1201	842
1736	1277
1244	960
1209	1606
1775	1099
981	727
1870	1205
722	835
1319	978
1003	840
1450	1010
1664	1110
1759	1241
1055	824
1226	902
1036	885
1131	855
1242	1010
1258	886
1672	1063
1634	1086
1559	991
913	765
726	775
1513	1014
1085	852
1596	1072
1802	1181
1110	872
982	845
1413	942
1429	1347
1193	897
1210	860
1030	825
1557	1220
911	829
1328	1192
692	704
1545	1062
1171	903
1161	864
1024	810
1597	1209
1295	920
1582	1170
719	776
807	700
1410	926
1353	953
1012	791
1449	974
1256	1074
1270	1023
1116	895
1470	1003
1065	895
1726	1135
1153	979
1108	909
1218	903
1039	792
953	798
1228	1044
936	828
1377	959
1082	825
1105	793
1069	779
1087	871
1205	903
763	718
1119	1445
955	780
784	767
1115	907
1622	1132
1957	1223
1494	1001
1125	902
1678	1125
522	767
780	945
1468	1002
1151	905
1212	942
1535	1554
810	760
1495	1001
1148	848
1149	952
969	848
1339	908
973	830
1155	955
1056	922
995	1020
861	844
1440	1052
1479	1026
1209	933
1287	932
1037	869
1315	908
1283	987
1044	845
1628	1134
1236	981
590	755
1220	992
1201	913
964	787
1205	939
1449	970
1044	935
1280	938
1111	908
1058	766
1361	920
1005	876
1726	1134
1819	1267
1556	1135
1106	886
997	837
1318	948
856	829
1017	1036
986	794
1744	1161
1670	1172
1394	1022
649	1040
1274	943
1440	1042
1017	838
1004	825
1363	992
1358	956
1312	991
1041	833
1029	801
1223	1036
1134	937
1000	756
792	804
1437	1066
1408	990
1185	960
1788	1213
1367	1114
817	784
1067	820
1889	1263
1836	1224
1162	866
1501	1174
1829	1164
958	963
879	668
1722	1190
1130	905
1003	845
974	762
1005	872
1609	1138
1054	909
1493	1138
1102	861
1034	834
1045	841
1334	924
1145	890
618	802
1846	1234
1389	976
1619	1108
690	713
1631	1081
949	728
872	906
1123	859
1295	938
728	764
1789	1082
1074	888
1223	987
1091	942
1102	867
1367	1000
1372	954
1139	860
1020	874
970	893
1188	922
959	828
908	847
1657	1217
717	827
1525	1061
1437	1144
953	778
877	862
772	774
1590	1076
826	773
1702	1166
1927	1301
1815	1214
1036	885
1291	957
1775	1178
1501	1035
1098	820
1222	903
1504	1057
1175	970
1029	809
1263	943
1096	875
1168	847
1092	858
1285	1048
1733	1147
1341	1024
1533	1063
1541	1117
1523	1095
1127	841
1058	886
1031	867
1727	1172
488	869
1356	930
1587	1048
811	732
1195	945
1070	865
1078	792
515	619
929	825
922	838
664	798
1242	930
1084	840
1238	958
1182	876
1436	1117
1124	813
1597	1126
1045	832
1469	998
1416	1009
1711	1176
1314	950
1246	903
918	941
1534	1125
1183	869
1080	885
983	795
1592	985
989	1067
1385	1177
1038	812
1264	925
1212	799
1803	1171
1203	939
1210	1059
999	868
1744	1121
994	759
1375	951
1565	1020
1530	1112
1563	1007
1135	849
1295	936
918	752
876	868
1420	1045
1276	994
1169	946
504	653
1374	1109
1141	967
1334	924
1100	804
1848	1200
731	730
1223	899
1636	1147
1190	919
1264	902
1258	951
847	815
1049	833
890	759
722	769
1373	1056
1378	1013
1381	1110
1398	1107
985	963
1434	1132
1867	1256
1748	1253
1564	1054
1006	800
1857	1389
1506	1034
1009	925
1167	954
874	922
1066	848
1449	1019
1500	967
1083	893
896	796
1499	1129
1404	989
1198	1006
1356	1025
1424	1053
1734	1245
1284	943
1430	960
997	756
1465	1133
1481	1098
1418	985
1367	994
1197	895
1867	1312
1560	1096
1306	990
1302	967
1483	1023
1208	889
1404	983
1642	1152
1548	1115
987	971
1198	902
902	815
664	663
1753	1177
1141	869
1041	858
1091	882
1193	900
1078	867
1137	849
1298	902
1119	931
916	784
1482	1075
1786	1249
1000	804
1252	903
1536	1074
1225	934
884	995
1178	1037
1134	940
1380	980
1029	918
1006	863
968	1032
1288	1052
1461	1118
1227	895
1735	1128
1184	941
1256	884
1054	820
1500	1062
1465	1027
1359	945
1557	1023
1605	1247
1421	1003
1708	1133
843	855
1439	1101
1498	1047
1403	1103
1441	1017
1211	911
1609	1164
1393	1037
1663	1189
1012	866
579	691
1410	935
1787	1276
1058	964
1940	1222
924	757
945	798
996	836
1088	926
1681	1077
1458	1187
1167	885
1155	818
1249	936
1900	1310
777	784
1669	1103
1323	1040
792	704
962	779
1183	882
1354	938
958	737
1255	1045
949	836
1313	916
1718	1152
1313	994
1569	1064
1280	911
1198	858
1041	832
861	770
1541	1122
733	767
1301	891
822	758
1151	879
1359	1083
1414	977
1433	1011
1660	1146
1020	870
1207	963
835	766
1789	1244
1696	1083
915	844
919	835
1349	966
1403	1013
1328	1015
996	791
1799	1189
1225	941
1512	1124
970	803
1637	1052
870	876
1382	1041
1069	805
1241	919
1294	1101
1025	872
963	810
1112	840
1588	1110
1535	1121
1623	1108
1921	1203
1176	989
979	877
1400	1043
1072	867
1552	1178
990	823
1030	849
956	797
1109	856
884	849
965	831
1001	1014
822	752
868	723
970	943
969	775
1059	875
1099	994
1136	865
1003	755
1038	931
984	820
1128	944
1427	1034
1107	899
1146	879
666	993
1631	1100
1757	1180
1479	1199
1119	903
1706	1127
1427	1114
1548	1037
1257	913
1444	981
1394	988
1495	1024
1291	1018
651	1087
1383	976
1079	832
1227	906
1487	1127
1754	1114
1617	1112
856	807
1414	1027
645	744
779	770
1620	1161
930	775
1947	1244
1147	868
963	824
1071	922
1342	937
1141	896
876	844
1214	993
1047	888
1369	997
962	825
1610	1120
1343	1025
978	816
1641	1231
1112	819
1812	1199
617	729
1971	1214
853	742
1660	1115
1368	1121
1124	912
1088	875
907	797
1707	1205
1452	960
1573	1138
1434	1021
878	811
1114	838
1278	1028
1438	1046
1637	1150
1075	841
1579	1079
1452	1089
1066	809
958	742
1253	918
1580	1142
1385	1119
1723	1117
840	725
1324	960
1734	1176
1578	1084
538	612
1354	1033
1138	917
1247	945
1792	1221
986	794
1182	955
861	675
802	759
845	782
1134	913
1237	1025
1818	1175
982	830
1279	967
1341	970
1077	840
1553	954
1112	883
1059	755
812	705
1497	1021
872	760
1198	1103
1542	1084
1241	840
1139	839
1383	1013
1323	964
1272	997
1400	1038
1161	900
899	766
1101	889
1200	935
1296	1077
1035	856
625	807
1475	1028
1571	1268
1447	1072
1632	1182
1071	821
699	726
1169	955
1028	757
1134	889
970	850
1180	899
1135	869
1028	790
1546	1037
1223	1043
1247	1022
963	781
1900	1341
1114	997
1328	925
1593	1059
1133	800
1141	910
1020	864
1203	957
1006	809
1036	854
966	746
1160	912
1575	1041
1038	888
877	697
1034	830
1105	896
1273	970
1091	1012
1768	1128
1640	1148
1750	1177
1593	1159
1550	1173
993	738
1310	978
1131	962
1140	922
1248	940
1793	1226
925	823
1504	1077
1327	957
1013	737
1486	1007
1228	920
1008	784
1644	1295
1468	1039
1097	803
1377	1049
1724	1215
1118	950
1311	907
1907	1216
1536	1012
1220	829
1105	797
719	806
912	859
979	801
1889	1197
1009	774
1028	780
798	792
1783	1181
1072	804
927	844
837	751
1241	1045
999	788
1004	760
1504	1079
1636	1145
1355	1129
959	877
1075	897
1178	915
1473	951
1024	846
1542	1071
1466	1037
1017	876
1674	1161
1297	956
1267	913
837	727
426	972
1630	1078
1207	928
1694	1233
1774	1227
1459	1027
1067	814
755	749
1243	896
1112	765
1199	881
1214	988
1454	1082
1149	865
1079	891
1240	981
1527	1135
1801	1141
978	803
1448	1009
1299	883
1073	797
1398	1027
893	867
1073	785
1168	828
1578	1206
733	710
1389	1241
733	701
930	768
1642	1170
1684	1162
1240	929
1131	958
1020	962
936	798
1316	828
1547	1071
1623	1138
1016	861
1155	854
965	809
1132	897
808	768
977	779
1244	883
1032	805
1606	1133
1141	932
1536	1090
1243	950
1692	1166
1057	858
1476	1011
1422	1082
1444	1071
1357	1126
1069	856
1132	906
976	766
878	775
1159	875
875	757
1544	1131
1144	953
1373	1023
1046	821
1206	912
1029	796
1538	1084
1145	874
562	731
1367	1020
994	783
968	1020
1499	1086
1557	1193
1412	1227
1164	890
1181	975
1020	891
1036	792
1086	905
1209	892
1012	845
954	765
671	686
1161	834
835	1009
1479	1098
1515	1081
1354	1018
1478	1005
1429	977
1660	1093
1143	909
1884	1226
1466	1051
1568	1055
1148	923
1516	1092
311	687
983	939
1091	1051
953	817
1281	991
1493	1125
1119	962
523	711
1850	1221
1306	1152
1584	980
1735	1066
1023	763
1154	809
721	760
1559	967
1623	1229
506	857
1625	1160
1051	845
893	829
1314	1115
852	731
1223	1003
1235	856
1649	1167
1140	963
1865	1283
992	861
1745	1202
976	756
1438	1086
1728	1101
1166	914
1128	879
1133	911
1458	1023
597	920
1870	1245
1199	945
933	941
1490	1120
1066	791
1048	863
1517	1035
1259	968
1399	1092
1104	857
854	796
1665	1141
973	777
1758	1313
1615	1192
1295	923
1096	826
1033	872
1130	897
1181	876
1050	933
1028	888
899	986
1167	876
1136	969
830	809
1008	791
1005	890
769	756
805	793
1274	1368
1038	925
882	774
1573	1060
1015	743
1346	993
1002	999
1042	921
1840	1245
1716	1146
936	732
1059	767
1779	1229
1063	906
1360	1015
1661	1119
1649	1139
1354	1011
994	892
1557	1077
1315	959
1229	1001
1518	996
1431	990
776	722
2368	1552
2709	1601
2060	1369
2135	1316
1915	1215
1941	1329
2088	1302
2099	1391
1762	1345
1751	1240
2365	1580
2013	1299
2172	1312
2117	1411
2695	1637
2109	1392
2279	1660
1896	1273
2453	1531
2372	1562
1725	1407
1984	1286
1432	1069
1887	1244
2216	1507
2212	1420
2121	1268
2326	1419
2240	1592
1660	1400
2084	1590
2231	1535
2370	1559
1991	1290
2518	1587
1981	1320
2324	1538
2122	1397
2590	1538
2860	1684
2131	1344
2145	1391
1911	1374
2468	1592
2029	1472
2933	1928
1621	1208
1910	1347
2679	1648
1957	1316
2425	1559
1905	1236
2220	1405
2379	1509
1692	1206
2391	1456
2536	1660
2066	1316
2232	1517
2624	1781
2317	1498
1688	1230
2131	1304
2139	1406
2242	1546
2667	1622
2298	1504
2447	1557
1825	1393
1830	1299
2857	1737
2100	1352
1883	1351
1721	1154
2834	1746
2761	1668
2180	1433
2654	1637
2488	1675
2376	1514
2020	1260
2301	1438
2387	1568
2419	1633
2348	1495
2546	1556
2332	1468
1290	1313
2673	1654
1901	1389
1925	1490
2218	1477
2205	1385
2678	1671
2168	1367
2206	1500
2158	1356
1981	1313
2521	1514
2763	1690
1874	1319
2313	1545
2095	1442
2868	1739
1981	1364
2875	1708
1836	1281
2319	1690
2042	1367
1754	1368
2013	1564
2668	1633
2586	1564
1777	1164
2536	1610
2155	1453
1714	1381
659	888
1491	1158
2028	1358
2443	1504
1993	1358
1215	1149
2259	1551
2551	1623
2539	1657
1944	1256
2402	1686
2023	1296
2866	1825
2049	1302
1923	1367
2035	1333
1845	1271
2283	1492
2598	1613
2433	1673
2041	1462
2741	1609
1336	1340
2142	1331
701	1030
2452	1568
2435	1530
2239	1459
2658	1633
1894	1267
2544	1607
2265	1489
1522	1306
2042	1192
2127	1396
2245	1344
2150	1477
2417	1515
2078	1391
2141	1434
1401	1143
810	1227
1885	1354
2298	1411
1812	1340
2554	1548
1677	1246
2335	1498
2450	1669
2141	1361
1222	1382
2878	1672
2746	1736
2023	1307
2662	1731
2076	1407
1995	1350
2597	1640
2210	1413
2521	1473
1997	1485
1590	1129
2406	1669
1860	1351
2470	1453
1813	1309
1565	1257
2456	1521
2138	1373
2228	1471
2161	1409
2750	1725
2171	1517
1115	1054
1964	1305
1988	1390
2185	1385
2350	1461
2389	1579
2425	1487
2148	1470
2496	1539
2146	1385
2071	1351
2079	1487
1694	1434
1811	1447
2399	1477
2479	1537
2162	1468
2184	1369
2146	1488
1945	1328
2412	1483
1835	1276
1828	1152
2049	1307
1876	1276
2265	1436
2218	1558
2126	1365
2148	1356
2752	2009
1951	1419
2096	1351
2438	1558
2016	1353
2216	1408
2397	1487
2790	1702
2341	1592
2615	1777
1506	1173
2593	1615
2420	1450
1926	1303
2718	1695
2005	1357
2301	1517
2188	1448
1948	1339
2266	1608
1720	1398
2183	1468
1492	1091
2651	1598
2389	1615
2304	1483
2772	1740
2494	1540
2444	1591
2442	1354
2035	1452
2178	1296
1384	1190
2041	1388
1851	1377
2752	1815
2523	1604
1643	1160
2687	1761
2074	1436
2192	1454
2232	1363
2778	1682
2040	1331
1755	1334
1647	1176
2118	1405
1843	1292
1932	1516
2173	1435
2126	1387
1916	1218
2682	1746
2450	1550
2087	1475
2349	1663
2397	1498
2031	1418
1104	1179
2499	1630
1945	1296
1657	1189
2276	1412
1816	1208
1965	1325
2757	1750
2770	1666
2188	1479
2015	1562
1691	1236
2061	1426
2617	1703
2066	1467
1885	1315
2135	1397
2707	1671
1678	1212
2353	1533
2918	1761
1948	1332
2031	1470
2346	1566
2186	1450
1653	1459
2177	1417
1941	1286
2034	1439
2732	1644
1954	1284
1432	1190
2224	1449
1847	1344
2052	1368
2370	1489
1917	1273
2700	1668
2003	1548
2202	1500
1961	1278
1506	1140
2211	1518
2005	1257
2032	1406
1256	998
2180	1465
2385	1510
1887	1297
1941	1285
1769	1292
2481	1606
2637	1654
2816	1614
2226	1453
2139	1438
2652	1706
2721	1603
2210	1489
2437	1542
1479	1215
2443	1735
2625	1660
2757	1744
2455	1489
2085	1400
2077	1365
1779	1196
2119	1355
2438	1314
2081	1441
2019	1432
2653	1767
2145	1386
1930	1289
2169	1467
2724	1683
2939	1718
2039	1304
1941	1317
2253	1381
2247	1417
2261	1374
2137	1399
549	869
2257	1293
1631	1265
2477	1747
852	1206
2203	1464
1936	1364
1995	1303
2621	1570
2371	1430
2194	1467
2135	1406
1626	1123
2092	1394
2271	1537
1916	1298
2220	1574
2715	1729
2629	1637
1579	1121
2131	1421
2094	1406
1767	1283
2133	1457
2734	1705
2838	1768
2363	1465
2266	1424
2612	1612
2789	1634
868	936
2301	1456
2030	1434
2629	1673
2495	1544
2090	1562
1952	1308
909	1318
2302	1594
2105	1469
1961	1230
1948	1240
1663	1213
2362	1472
2131	1327
2061	1361
1992	1372
1850	1264
2618	1624
2408	1629
1967	1326
1751	1268
1998	1275
2157	1419
1915	1158
1853	1256
2793	1617
2145	1760
2056	1373
2376	1601
2644	1571
2826	1690
1712	1421
2271	1546
1998	1323
2328	1663
1890	1219
2612	1638
2731	1626
1530	1146
2173	1273
2020	1284
2235	1405
1491	1167
2003	1260
2620	1759
2082	1381
2075	1311
1263	1175
2237	1628
2156	1391
2039	1345
2656	1505
2389	1529
2171	1376
2199	1319
2081	1411
2069	1361
2677	1717
2688	1751
2148	1376
2759	1631
1899	1366
2289	1403
2006	1267
2025	1206
2040	1351
1788	1246
1746	1401
2045	1306
2804	1701
2371	1497
1998	1477
2457	1501
1688	1202
2291	1504
2755	1686
2130	1459
2890	1733
1993	1322
2661	1653
2132	1376
1366	1131
1786	1336
1784	1300
1947	1346
2009	1257
2742	1568
2053	1384
2562	1582
2231	1440
2569	1655
1984	1418
2076	1324
1220	1104
2729	1705
2449	1555
1789	1321
2092	1382
1650	1167
2279	1464
1998	1437
2026	1415
2675	1640
2074	1427
2191	1360
2815	1716
2160	1343
2012	1413
1241	1435
2828	1910
2776	1840
2216	1352
1961	1272
1957	1444
2636	1670
1796	1209
2226	1375
2307	1442
2595	1583
2725	1837
1748	1270
1952	1329
1916	1278
2430	1659
2540	1783
2407	1434
2183	1499
2506	1494
1932	1368
1647	1143
2293	1527
2075	1342
2093	1430
1229	1217
2698	1853
1658	1298
2031	1354
2057	1395
1900	1471
2356	1499
2562	1675
2341	1588
2151	1298
2513	1629
2335	1477
2024	1422
1972	1319
2252	1470
1996	1318
2090	1538
1537	1185
2680	1763
2696	1760
2080	1438
2717	1704
1796	1209
2385	1470
2250	1487
1983	1274
1973	1277
2068	1369
2076	1307
2232	1659
1888	1247
1915	1282
1473	1160
2745	1691
2107	1401
2169	1389
2574	1584
2333	1533
2647	1585
2372	1598
2000	1242
2429	1504
2264	1467
2875	1740
2238	1359
2647	1690
2635	1632
2274	1444
1800	1280
1021	1082
2305	1472
1797	1257
2290	1429
1968	1269
2731	1663
1648	1197
2311	1361
1749	1167
2550	1670
2299	1489
2603	1732
2867	1811
2120	1393
2311	1483
2460	1539
2355	1458
648	1005
2206	1387
2246	1527
2358	1425
2431	1690
2453	1755
2267	1510
2326	1450
2081	1344
1528	1217
2111	1485
2438	1531
1681	1213
2040	1377
1512	1636
2391	1558
1599	1201
2092	1264
2135	1361
2247	1441
1657	1377
1130	1132
2737	1749
1380	1171
2708	1656
2490	1563
2497	1610
2508	1563
2518	1782
2152	1486
1833	1296
2155	1408
1003	1099
2213	1432
2850	1761
2059	1463
2597	1732
2844	1770
1627	1362
1733	1281
2197	1328
1990	1289
1689	1207
1952	1364
2041	1448
2428	1617
1624	1157
2007	1347
2120	1483
2164	1420
1963	1378
1900	1226
1937	1337
1916	1286
2143	1439
2166	1380
2494	1525
1383	1094
2219	1372
1813	1352
2099	1377
2158	1534
2042	1404
2310	1528
2005	1307
2483	1634
2938	1878
2348	1517
1634	1253
2413	1552
2327	1472
2431	1534
1225	1163
2319	1563
2099	1337
2918	1688
2091	1322
2202	1432
2465	1550
2828	1582
1807	1374
2538	1633
2149	1371
1803	1208
2191	1569
1737	1248
2772	1763
2420	1517
1727	1190
2389	1482
2347	1590
2256	1478
1822	1210
2298	1510
2302	1412
2652	1708
2789	1663
2056	1378
2145	1284
2088	1447
1847	1133
2491	1526
2488	1556
1622	1213
1633	1381
2303	1414
1979	1347
757	1068
2174	1478
2428	1574
1962	1378
2083	1273
2201	1433
1024	1214
2113	1312
1646	1313
1131	1196
1589	984
1211	1121
2733	1707
2528	1604
2191	1674
2527	1337
2597	1720
1972	1190
2450	1494
2063	1377
2643	1652
1991	1266
1798	1314
2458	1540
1765	1082
2795	1678
2128	1414
2189	1489
2131	1502
1928	1324
2782	1782
2376	1790
1878	1297
2374	1600
1163	1047
2509	1594
2010	1279
2031	1283
1582	1157
2872	1909
2063	1323
2276	1408
1976	1304
2718	1625
2230	1467
1788	1184
2087	1303
1861	1244
2058	1277
2661	1604
2810	1698
1629	1412
2490	1613
1936	1277
2207	1521
2252	1422
1896	1187
2758	1700
1189	947
1309	1242
2814	1765
2684	1719
1972	1336
1180	1083
1891	1190
2915	1861
1575	1251
1826	1314
2463	1569
2648	1661
1833	1368
1393	1114
1118	1216
2846	2024
2641	1681
2672	1695
2042	1273
2188	1418
2747	1678
2111	1401
2053	1292
2488	1606
2391	1420
2335	1581
1001	994
2020	1236
2211	1453
2603	1606
2129	1513
2002	1378
1878	1416
2267	1382
1858	1312
1266	1146
2143	1374
1842	1319
2658	1721
1834	1266
2649	1675
2507	1679
662	975
2133	1474
2302	1638
1002	1006
1430	1110
2075	1391
2591	1632
2156	1476
2050	1271
2567	1778
2567	1528
2871	1692
2396	1700
2457	1482
2438	1504
2031	1389
2043	1298
2121	1497
2244	1505
2797	1673
1967	1349
2681	1665
2481	1530
1791	1213
1661	1320
2337	1516
2387	1597
2541	1653
2624	1666
2192	1417
2507	1660
1524	1215
1155	1065
2547	1671
2095	1451
2018	1253
2349	1477
2434	1561
2201	1423
2839	1830
2046	1334
2110	1303
2313	1477
2299	1425
1487	1144
1521	1138
2136	1385
1929	1254
2812	1810
2553	1688
2415	1684
1936	1210
2276	1452
2481	1565
2025	1355
1984	1315
1824	1167
2474	1486
2051	1374
2491	1609
2596	1796
2361	1624
1550	1119
2679	1696
1600	1266
2363	1427
2595	1628
2512	1681
2253	1474
1626	1150
2065	1362
2305	1463
1674	1288
2061	1334
1982	1279
2486	1653
1375	1080
1260	1283
2251	1437
1655	1074
2492	1594
2043	1362
2096	1324
2045	1353
2549	1596
2187	1466
2492	1624
2618	1647
2011	1471
2249	1421
2007	1319
2567	1574
2482	1631
2416	1505
2657	1586
2244	1651
2667	1702
2480	1633
2266	1370
2101	1412
2883	1796
2598	1581
2626	1587
2727	1603
1790	1343
2013	1356
2543	1613
2585	1540
2519	1779
958	1197
2116	1422
2449	1635
2704	1697
1285	1311
1887	1446
1699	1177
2436	1720
1954	1232
1554	1164
1995	1459
2040	1334
1615	1485
2525	1625
2643	1628
2743	1649
2925	1656
2490	1484
2209	1477
2329	1432
1854	1321
2020	1316
1837	1304
2667	2136
2225	1458
1626	1092
1824	1276
1968	1233
2106	1410
2435	1480
1698	1196
826	965
2907	1804
1451	1358
1900	1414
1987	1232
2204	1402
1545	1213
1755	1323
2583	1587
2145	1327
2615	1820
2717	1683
2302	1588
2228	1527
1328	1277
2128	1433
2381	1403
1877	1219
2381	1443
2067	1369
2248	1451
1389	1270
2038	1549
2339	1496
2023	1390
1636	1367
1948	1325
2216	1479
2623	1577
2457	1476
1830	1210
2443	1489
2623	1772
968	1053
1877	1287
1816	1220
2153	1380
1785	1241
2022	1345
2714	1597
2036	1340
2394	1521
1557	1209
2556	1630
2637	1636
2106	1358
1989	1336
2515	1657
2487	1519
1919	1362
2347	1514
2365	1409
2465	1537
2469	1501
1874	1263
1876	1397
1292	1304
903	1127
1473	1092
1869	1212
2293	1518
1931	1301
3029	2046
3104	2011
2697	1856
3441	2236
2428	1632
3170	1884
3290	2170
1615	1480
2901	2006
3568	2272
2893	1998
3407	2166
2902	1960
2763	1772
3562	2146
3543	2217
3266	1993
2991	2049
3409	2072
3147	2041
2248	1795
2805	1911
3834	2268
3386	2171
2726	1812
3510	2336
2856	1906
2808	1908
3561	2410
2995	1898
3078	2029
3096	2112
3096	1945
3060	2002
2905	1852
3107	2050
2273	1703
3365	2066
2693	1857
2621	1963
2883	1799
3178	1975
2515	1793
3641	2529
3441	2116
2884	1678
2578	1837
3367	2100
2990	1875
2098	1632
3015	2011
2952	1820
3064	2031
3049	1936
3507	2169
2683	1903
3545	2129
3789	2534
2125	1609
3012	1994
3369	1980
1473	1304
2835	1865
2871	1642
1820	1420
3318	2032
2958	1875
3415	2057
3514	2358
2980	2049
2644	1811
3576	2256
2863	1839
2704	2112
3308	2215
2256	1629
2899	1975
2564	1898
2924	1935
3280	1977
3323	2030
2552	1716
3562	2349
3566	2091
2994	1983
3318	2114
3733	2293
3172	2299
2528	1930
3043	1950
3601	2473
68	817
3051	2050
3109	2203
2952	1887
3534	2348
2949	1954
1581	1564
3578	2351
2902	1994
3673	2273
2477	1971
2523	1594
3889	2448
3379	2036
3128	2039
3591	2198
2477	1774
2753	1825
3712	2256
2661	1870
3735	2514
3121	1944
2629	1966
3687	2201
3317	2111
3166	1984
2920	1899
3321	2126
3105	1953
3935	2597
2730	1861
2288	1645
3856	2322
2550	1677
3474	2244
2316	1687
3087	1992
3078	2239
3251	2294
1588	1505
1903	1424
2877	1969
3036	2004
3373	2102
2910	2001
3141	2012
3620	2236
2973	1941
2685	1826
2495	1763
3317	2363
2942	1919
2748	1886
1939	1403
3400	2416
1587	1470
2450	1764
3722	2332
2674	2176
3067	1865
2148	1669
3116	2142
2519	1891
3208	2037
1798	1451
2462	1574
3097	2015
2748	1809
2923	1915
3798	2359
3459	2125
3401	2177
3572	2318
3047	1970
3481	2223
2597	2172
2858	2062
3561	2214
2977	2009
3479	2205
2185	1554
2880	1893
2265	1637
3196	1963
1840	1549
3384	2325
3383	2150
2696	2113
3664	2364
2712	1837
2897	1934
3567	2486
3043	2066
3230	1993
3400	2261
3428	2293
2638	1874
3527	2286
2777	1903
3393	2103
2889	1946
2996	1947
3408	2183
1885	1600
3849	2270
3196	2007
3348	2155
2998	2066
3281	2030
3541	2248
2973	2020
2774	1872
2815	1852
3051	1877
3367	2102
860	1217
2956	2003
2537	1712
3068	1865
3668	2312
3492	2251
2688	1709
3456	2233
2879	1871
3152	2094
2948	1929
3173	2249
3157	1887
3260	2015
3022	1932
1933	1644
2801	1957
3103	1857
3034	2114
3788	2219
3174	1957
3595	2227
2931	1872
2548	1743
2380	1761
3257	2119
3324	2192
2184	1527
2983	2070
3124	2181
3548	2075
2943	1999
3259	1888
2692	1751
3226	2121
2548	1881
3278	2056
3376	2133
3443	2206
1369	1290
3266	2029
3342	2071
3301	2048
1766	1389
2977	1860
3648	2249
3536	2124
3372	2031
3029	1947
2652	1789
2512	1757
2048	1642
3109	2128
3774	2350
3193	2001
3774	2389
3227	2100
3761	2317
3007	1918
3487	2248
3033	1972
3331	2061
3690	2307
3439	2282
2475	1736
3954	2495
3012	1924
3324	2064
3474	2199
3762	2273
3911	2538
2992	2013
3110	2121
3577	2321
3527	2391
2912	1803
2853	1851
2999	2097
2769	1862
2963	2005
2953	1893
3630	2163
3132	2092
3135	2151
2194	1645
2942	2014
2931	1906
3771	2318
3001	1949
2335	1586
2947	1966
3236	2184
3453	2303
3550	2221
2951	1885
2558	1969
3397	2170
3142	1981
2458	1742
3213	2101
3453	2225
2741	1908
3752	2335
3406	2157
3568	2282
3537	2339
1534	1491
3375	2179
3570	2228
2529	1791
1947	1663
2704	1841
2733	1826
3471	2057
3067	1996
3217	2045
2401	1680
2666	1652
2995	2070
3366	2234
2853	1974
1464	2320
3462	2214
3355	2113
3360	2126
3419	2220
3770	2269
3078	2033
3770	2409
3410	2139
3009	1938
3084	1959
2914	1802
2017	1565
2349	1730
3101	2007
2511	1805
2882	1868
3113	2017
3430	2143
3521	2226
3026	2026
2469	1682
2756	2033
2651	1836
3304	1997
3079	1907
3210	2020
3053	1915
3100	2009
2567	1759
3120	2110
3596	2341
3360	2117
3524	2444
2514	1804
3200	2073
2435	1761
3075	2037
3007	2111
2174	1752
3085	1983
3135	2082
3121	2178
2812	1876
3478	2193
3166	2083
3195	2039
3455	2224
3368	2176
2974	2075
2494	1642
2469	1876
3084	2076
2791	1869
3522	2182
2707	1900
3136	1900
3282	2029
3689	2320
3278	2023
3088	1918
3517	2290
3007	2159
3274	2052
2704	1845
3133	2184
1620	1661
3331	2033
3292	2113
2372	1677
2567	1722
3292	2112
3432	2143
3476	2247
2812	2153
2718	1737
2899	2081
3232	2212
3324	2024
2757	1894
3038	2037
1919	1475
3143	1991
3041	2114
3264	1956
2374	1785
3163	1860
3223	2150
3044	2057
2365	1675
2852	1969
3457	2310
3683	2314
3655	2294
2843	1825
3190	2073
2931	2012
3163	2005
2066	1652
3579	2229
3443	2295
3256	2175
2922	2041
3141	2122
3107	1987
3756	2325
2044	1589
3309	2199
2910	1862
3407	2300
2834	1891
2275	1572
2877	1833
1873	1409
2879	1932
3271	2079
3029	1974
2327	1861
2870	2046
1657	1446
3214	1936
3708	2383
2309	1668
3036	1885
3081	2132
2771	1878
3002	1914
3136	1907
3429	2206
2948	1963
2538	1783
2934	1885
2710	1798
3211	1907
2971	1872
3359	2201
3147	2131
3354	2064
2551	1667
3846	2288
3331	2268
2653	1799
3178	1990
3304	2179
2197	1711
3211	2127
3491	2270
1530	1689
3260	2152
3260	2165
3105	1961
2472	1850
2942	1988
2107	1715
3113	2148
3401	2210
3665	2627
3185	2094
3280	2527
1592	1488
2317	1551
2826	1935
2765	1916
2954	1895
3096	2012
2905	2002
3751	2399
3257	2048
3387	2196
2969	2045
3104	1972
3363	2171
2913	1992
2301	1718
2915	1950
2773	1892
3384	2234
3505	2311
3620	2386
3305	2109
3017	1981
2962	1856
2974	2019
2977	1789
3415	2159
2831	2011
2204	1787
3316	2095
3360	2114
3671	2432
3153	1974
2947	1892
2836	1881
1685	1525
3123	1816
3594	2310
3081	2071
3552	2225
3198	1977
3743	2279
2849	1904
3293	1987
2819	1942
3553	2166
2973	1885
2777	1924
2396	1865
2911	1905
3746	2287
3885	2520
3533	2075
3579	2205
1895	1559
3179	2133
3080	1987
3533	2181
3283	2160
2888	1885
3759	2377
2741	1753
2459	1677
2301	1668
2862	1984
2713	1821
2359	1702
3067	1835
2928	1852
3266	2131
2817	1772
3139	2300
3568	2327
2668	1766
2616	1781
2983	1857
3786	2473
2929	1950
2842	1832
3150	2052
2746	1822
3666	2265
2421	1731
2345	1731
3756	2523
3222	2108
3347	2125
3140	1938
2813	2076
3788	2300
2975	1818
2732	1832
2643	1768
3435	2472
3537	2172
2356	1899
3173	2195
2432	1799
3291	2019
3898	2575
2484	1560
3233	2230
3040	2163
3357	2201
3585	2172
3018	1994
2745	1881
3199	1896
3005	1858
3423	1943
3285	2172
2818	1855
3276	2195
2848	1870
3557	2265
3851	2357
2909	1933
3045	2269
3284	2095
3434	2283
3136	2144
1718	1547
3542	2124
3794	2305
2863	1935
2213	1689
3123	2107
2214	1759
3228	2154
2394	1611
3233	2028
3312	2133
3767	2326
3576	2361
3127	1997
917	1427
3267	1988
2525	1861
2783	1877
3092	2062
2983	1853
3440	2195
2444	1847
2465	1841
2971	1758
3339	2180
3309	2213
2835	1910
2623	1820
2334	1691
3013	1967
2168	1595
2908	1890
3100	2046
2437	1739
2704	1792
3662	2198
2523	1859
2623	1989
3417	2167
2771	2062
3518	2281
3039	1786
3190	2058
2490	1776
3200	2003
3421	2270
3351	2158
2571	1807
2861	1857
2804	1947
3427	2197
3112	2007
3680	2334
3206	2321
3168	1977
3199	1977
2342	1910
2069	1436
3409	2228
2722	1756
2189	1792
3695	2230
2699	1698
3056	1897
3076	2102
3003	1902
1845	1688
2923	1801
3074	2002
2784	1875
2375	1727
2667	1864
3393	2089
3206	1951
3357	2065
2817	1822
3441	2217
3637	2273
2198	1746
2184	1578
3346	2056
2834	1791
3285	2096
3025	1882
2835	1736
3652	2474
3669	2383
2062	1776
2745	1843
3023	1942
3410	2225
3843	2389
2835	2001
3155	1956
3211	1965
2872	1729
2773	1864
3490	2170
3675	2339
2175	1684
3449	2183
2982	2010
3007	1837
2153	1701
2315	1802
2931	1917
2808	1782
2651	1829
3202	2030
3477	2407
3722	2230
2631	1780
3429	2483
3281	2217
2647	1687
3119	1888
3228	2052
3229	1964
3386	2127
2938	2003
3462	2135
2778	2028
3786	2423
2062	1603
3373	2076
3241	2039
2912	1862
2982	1860
3517	2154
2922	1953
2714	1791
3756	2431
2690	1806
2747	1767
3631	2345
3336	2126
2706	1792
3462	2033
2899	1857
2922	1928
2719	1815
2591	1824
3274	2030
2917	1927
3167	1920
3687	2210
3064	1926
2335	1708
3065	2132
3461	2150
3470	2322
3428	2144
3201	2124
2633	1772
3480	2150
2177	1592
3193	2023
2800	1755
3200	1999
3162	2164
3488	2312
3585	2430
2885	1857
3240	2115
3021	1902
3356	2119
2972	2079
3350	2223
3424	2151
3346	2091
3606	2206
3341	2125
2981	1859
2554	1776
3626	2189
2943	1999
3597	2227
1471	1489
3140	2062
3428	2211
3239	2028
1164	1759
2778	1976
3255	2140
2967	2004
2806	1892
3057	1971
3065	2046
3123	1941
3270	2220
2091	1705
2682	1890
3067	2088
3869	2407
2562	1828
3131	2109
3397	2116
3222	2225
3065	2019
3111	2135
3304	2266
3719	2300
3112	1958
2979	2014
2944	1889
3638	2338
3275	2004
2396	1709
2364	1657
3086	1896
2986	1898
2826	1865
3358	2252
2956	1954
3500	2131
2962	1942
3466	2280
2406	1743
3054	2174
3470	2167
1972	1503
2454	1753
2641	1935
3095	2075
3271	2146
3736	2395
3101	2163
2876	1901
3155	2026
3187	2188
3598	2399
2104	1474
3684	2189
3550	2204
2771	1880
2714	1863
2750	1989
2832	1991
2629	1771
3541	2300
3782	2289
3366	2151
2564	1840
2894	2118
3189	2047
3422	2141
2758	1912
3542	2198
2940	2024
3459	2192
2976	2037
2976	1883
1847	1655
3008	1964
3209	2046
3157	2136
3600	2231
1650	1330
3143	2050
2100	1801
3075	1958
2400	1875
2612	1888
2019	1719
2312	1708
3168	2191
3213	2067
3111	1980
1539	1610
1928	1424
3238	2075
3703	2340
2907	1878
2492	1818
2338	1780
3458	2092
3779	2389
3720	2264
2657	1813
2276	1526
3003	1843
3102	1983
3593	2266
3200	2037
2955	1908
3068	1955
3569	2309
2725	1886
2716	1845
2578	1796
2602	1949
3427	2140
3751	2433
3064	2147
3348	2271
3286	1988
2836	1972
2387	1650
3382	2145
3251	2055
3333	2231
2879	1863
3407	2012
2928	2009
2805	1891
2402	1770
2964	1810
2970	1915
2691	1728
2682	1796
3122	1986
3090	1946
2102	1547
3268	2118
3121	1972
3493	2139
2610	1818
2844	1978
2954	2052
3024	1972
3371	2165
3454	2275
1624	1349
3134	2169
3187	1948
2873	2208
3298	2114
3577	2324
2914	1853
3278	2057
3589	2288
3641	2232
3118	2048
3616	2278
2362	1703
2249	1829
3439	2128
3077	2059
2183	1687
2738	1885
3600	2259
2903	1932
2373	1671
2948	1828
2891	1793
2514	1941
3315	2134
3720	2224
3163	2063
2802	1779
3640	2251
2811	1912
3851	2317
3807	2330
2969	2090
3317	2307
3582	2224
3563	2265
2979	1830
3151	1917
3028	1929
3202	2054
2602	2039
3393	2159
2478	1633
3614	2178
3672	2325
3496	2163
2582	1870
1966	1753
3712	2465
3305	2183
2778	1932
3074	2114
2894	1949
3193	2038
3111	1985
3431	2204
1989	1505
2952	1868
3692	2323
3284	2123
3728	2319
2606	1858
3069	2160
3029	2039
3106	2114
2596	1915
3179	1899
2851	1793
3056	1912
3074	2100
3326	2270
2300	1636
3773	2396
4248	2711
3422	2150
4805	3028
3407	2349
4600	2562
4103	2527
3346	2064
4564	3029
4069	2549
4462	2978
3734	2393
4112	2783
2517	1815
4177	2521
4634	2976
3870	2428
4082	2683
4351	2829
3722	2435
4088	2638
4484	3008
4106	2552
3626	2486
3878	2421
4138	2453
3271	2272
3734	2460
3984	2413
4017	2624
2822	2268
4333	2663
4619	2563
3790	2389
3053	2239
4468	2861
4268	2863
3826	2569
4522	2811
4507	2900
3779	2716
4275	2772
4275	2692
3917	2574
3798	2541
4098	2681
4568	2830
4079	2585
3954	2501
4013	2447
4093	2728
3753	2467
3811	2367
2605	1688
4327	2770
4122	2634
4345	2733
3588	2481
3809	2447
3960	2419
4685	2820
4349	2860
3787	2566
4101	2610
4404	2761
4162	2532
4413	2587
3862	2732
4190	2668
2663	2021
4113	2651
3796	2472
4177	2674
3832	2444
4089	2451
4392	2764
4319	2606
4428	2875
3758	2394
4173	2476
3528	2519
3040	1987
3705	2339
3472	2167
4311	2609
4713	2975
3321	2329
4753	2890
3331	2333
4470	2836
4339	2568
3303	2205
4360	2738
2220	1719
4411	2834
4437	2711
4122	3037
3950	2552
4068	2468
3419	2185
3997	2528
4248	2550
4134	2660
3092	2300
4065	3194
4683	2933
2833	2060
4492	2651
3009	1993
4387	2682
3863	2564
3873	2463
3270	2138
4368	2782
3524	2369
4773	2820
4052	2452
4190	2656
3968	2598
3851	2471
4514	2897
2920	2309
2465	1796
3828	2482
3183	2243
3972	2437
4090	2507
4705	3024
1811	1686
3882	2452
3955	2611
4170	2690
3859	2544
3235	2312
3832	2573
4418	2862
4228	2541
1793	1913
4686	2967
4207	2697
3904	2478
3927	2478
4255	2670
4054	2519
4404	2620
4282	2567
3314	2240
3959	2803
3934	2519
4337	2635
2581	1976
2331	1986
4151	2632
4255	2762
4245	2593
3818	2675
4450	2644
4088	2468
3239	2127
4608	2914
3952	2394
2772	2066
3849	2588
3874	2385
3884	2354
3655	2518
4830	3000
3752	2446
1481	1564
4122	2600
2422	1845
3959	2292
4822	3018
4837	2911
4569	2841
3664	2363
3968	2467
4474	2766
3329	2259
3042	2145
3460	2330
3388	2278
2542	1982
3910	2708
4211	2597
4187	2521
4366	2628
3713	2468
4130	3001
3148	2064
3731	2422
3794	2420
3783	2383
4355	2643
4222	2710
4506	2698
3998	2362
4353	2905
4131	3231
3729	2313
2437	1851
4475	2910
3304	2283
3046	2100
3682	2341
4559	2892
3041	2095
4294	2930
4546	2969
2216	1871
2301	1954
4602	2764
4041	2615
4230	2613
3438	2195
3007	2039
4286	2590
4413	2749
4564	2860
3923	2524
4165	2549
4198	2564
4008	2553
3555	2453
4101	2621
1810	1739
3887	2525
3831	2591
4141	2582
4832	2972
4398	2559
4843	2998
2994	2303
4518	3118
4207	2469
3602	2507
2934	2038
3037	2311
4339	2598
2582	2061
4248	2578
4272	2827
3768	2527
4203	2672
3089	2139
3541	2259
3475	2403
3746	2376
4265	2585
4060	2554
4319	2558
3483	2386
4819	2971
4102	2576
3843	2479
2756	2050
3712	2542
4205	2579
2039	1649
3588	2321
3823	2439
3814	2345
4274	2733
4037	2400
4475	2712
2191	1703
4909	3110
4530	2889
3333	2185
2879	1913
4004	2430
3940	2547
3988	2351
3783	2580
2864	2049
3749	2486
4455	2840
3546	2465
2574	2021
4011	2534
4646	2820
3437	2262
4486	2887
4335	2601
4160	2662
4410	2923
4499	2781
3870	2624
4016	2715
4259	2742
4822	2876
4499	2721
4030	2501
3990	2439
4040	2671
3822	2398
3309	1972
4453	2825
4397	2873
3824	2539
4570	2817
4732	2892
4100	2442
3730	2580
3768	2324
3980	2219
3914	2727
2792	2176
4219	2588
4005	2623
4006	2509
3762	2509
4601	2798
3700	2350
3987	2389
2959	2192
2552	1929
4056	2468
4254	2525
4435	2711
4524	2881
4335	2691
3710	2212
4829	3108
4328	2658
3932	2477
3786	2474
2254	1946
2022	1770
4602	2843
4196	2720
4704	2943
3967	2632
4181	2423
3767	2445
3937	2421
4533	2847
4197	2621
3936	2486
3081	2037
4093	2621
4118	2761
2401	1933
2516	1812
3408	2378
2980	1918
4302	2574
3680	2379
3870	2380
3987	2435
4878	2933
4645	2805
3641	2249
4169	2602
3678	2570
4660	2967
3987	2544
4290	2802
3426	2368
4583	2664
4049	2495
3992	2344
4795	3323
2801	2055
3661	2366
3976	2719
4583	2877
3534	2192
3935	2473
3065	1935
4112	2427
4581	3113
4547	2950
4111	2348
4215	2456
3719	2351
3998	2621
4585	2825
3511	2241
3135	2076
3967	2400
4097	2473
3983	2539
4733	3005
4442	2909
4020	2668
4331	2563
4437	2723
2878	1976
3531	2456
2059	2024
4021	2676
4418	2853
4118	2613
2424	1789
3313	2117
2856	2003
2662	2015
4073	2438
4359	2948
3500	2207
4175	2582
4055	2600
3793	2425
3644	2444
3132	2081
4259	2695
4053	2557
4415	2575
4557	2772
3769	2346
4483	2854
4457	2728
4220	2671
4583	2574
2337	1824
4388	2597
3789	2461
2908	2059
1450	1488
3629	2552
4257	2746
3981	2727
3814	2444
4459	2738
3946	2362
3864	2406
3623	2396
4293	2797
3312	2020
2790	1993
3009	2211
3941	2497
2351	1906
4110	2613
3870	2406
4107	2589
4662	2829
4167	2793
3400	2339
4454	2755
2976	2067
3415	2262
4730	2818
3925	2469
2403	1907
2335	1854
3846	2489
3451	1999
2836	2170
3777	2377
3234	2039
4176	2466
4063	2179
4253	2465
4501	2876
3052	2240
3746	2534
3799	2564
4023	2566
4302	2633
4735	2915
3356	2352
4433	2812
4121	2585
3819	2399
4238	2626
3970	2731
3942	2465
4351	2576
4690	2781
4198	2869
3171	2293
3950	2469
2540	1759
4498	2802
1527	2133
4294	2614
3551	2293
3374	2007
4218	2412
2108	1629
3934	2304
4017	2659
2899	2294
2931	1982
4485	2786
3922	2560
3929	2244
4350	2588
4344	2636
4305	2662
4051	2743
4295	2614
4496	2890
2876	1971
3830	2414
1952	1933
3402	2247
2987	2035
3993	2517
4417	2754
4850	3038
4189	2575
3835	2536
3415	2367
4034	2569
4466	2603
4386	3033
3231	2127
4268	2744
4074	2556
3576	2311
4190	2397
4599	2852
3052	2116
4631	2712
2889	2150
3522	2258
3318	2090
4308	2529
4608	2603
4157	2562
4138	2531
4522	2787
4394	2676
4030	2637
3838	2566
3152	2202
3713	2272
3436	2044
4218	2653
4208	2539
3068	1989
4435	2565
4667	2819
4374	2632
4000	2449
4261	2717
3870	2964
3746	2462
2125	1906
3889	2629
3886	2920
1744	1641
4303	2763
3800	2394
4536	2957
2609	2044
4221	2567
3717	2361
4156	2493
3884	2389
2103	1881
2560	1691
3560	2244
3045	2040
3551	2345
3834	2398
3543	2566
4337	2843
3495	2586
3736	2646
4020	2425
3815	2365
2097	1946
3915	2507
4029	2455
3814	2231
3689	2469
3381	2071
4082	2417
3846	2268
2409	1766
3580	2518
4777	3238
4383	2677
3707	2275
4696	2658
4205	2535
1579	1460
3672	2431
3739	2386
4362	2629
4200	2572
4268	2598
4078	2350
3099	2262
4031	2453
4473	2849
3994	2656
4557	2822
4823	2981
4046	2646
4655	2783
3186	2153
4187	2667
4368	2903
4113	2559
4055	2635
3792	2301
2252	1826
3553	2198
4536	2730
3970	2507
4620	2922
3209	2142
3662	2442
4404	2787
4556	2832
4571	2882
2666	1852
3899	2542
3144	2249
3861	2385
4129	2519
3510	2405
4764	3014
3962	2613
4334	2855
4785	2974
3713	2507
4111	2738
2436	1890
4401	2911
3686	2413
4608	2813
3057	2229
4404	2911
3947	2592
3743	2225
4631	2708
4055	2705
3750	2497
4381	2675
4141	2614
4180	2643
3780	2269
4474	2701
3766	2436
4070	2419
2943	1992
4815	3012
4741	2845
3912	2406
4163	2527
4846	2868
2649	1650
4425	2714
4221	2588
3457	2086
1323	1717
4630	2912
4629	2939
4705	2882
4187	2763
4223	2826
3753	2315
3908	2322
3748	2238
3657	2256
4405	2633
3674	2687
3839	2491
3114	2036
3188	2176
3758	2427
4330	2672
3312	2207
4064	2952
3638	2401
3088	2405
4934	3138
2761	2113
3947	2438
4849	3004
3635	2087
3471	2237
3940	2597
3227	1970
4056	2379
3647	2309
4006	2299
4189	2623
2226	1929
2832	2088
3859	2377
4437	2836
3803	2164
4549	2786
3651	2134
4000	2416
4505	2929
4269	2457
2854	1890
4254	2817
3622	2288
4483	2717
4459	2579
4768	3102
3323	2209
2665	1819
3779	2448
4312	2718
3900	2255
3245	2105
4428	2693
3406	2106
1993	1918
3677	2205
3794	2486
4352	2680
3798	2682
4713	2925
3918	2406
4081	2527
3680	2230
3213	2045
4309	3027
4176	2666
3619	2269
4724	2837
3700	2587
4267	2664
3889	2372
4037	2508
4009	2524
4038	2656
4633	2830
4024	2580
4476	2744
4385	2724
3794	2331
3188	2152
3945	2605
4704	2874
4169	2509
2508	2046
4078	2504
3804	2466
4549	2843
3918	2291
4059	2697
4341	2765
4831	3146
4638	3018
4114	2735
3563	2567
4537	2782
4577	2804
4111	2535
3848	2399
3914	2587
4725	2888
4010	2328
4584	2777
4045	2820
3328	2187
3911	2405
4045	2689
4727	2971
3223	2227
2834	2418
3914	2352
4723	3117
3841	2633
3496	2427
3993	2413
3271	2110
4313	2758
4238	2628
3006	2062
4601	2848
3114	2115
3387	2243
4321	2775
4379	2970
4658	2932
3526	2418
4694	2816
3617	2384
3543	2268
4069	2534
3539	2153
4505	2631
3848	2470
3910	2436
3978	2689
4069	2744
4473	2730
2912	2147
4053	2690
3660	2352
3967	2450
4771	2908
4316	2630
4456	2726
4005	2739
3873	2376
4199	2614
3543	2373
3801	2327
4141	2525
4481	2899
2391	1679
4044	2525
4036	2400
4031	2518
4230	2727
3152	2135
4146	2692
4096	2542
4142	2594
2053	1879
3452	2325
4269	2619
4476	2669
4088	2387
4539	2629
4241	2858
3613	2457
4310	2667
3970	2405
3761	2598
4261	2632
4402	2928
3888	2351
3074	2254
4453	2936
4197	2859
3291	2345
4302	2936
4255	2817
3866	2467
3951	2557
4784	2897
4028	2559
4019	2820
4657	2864
4288	2421
3894	2568
2312	1959
3845	2482
2844	2018
2777	2301
3479	2239
3989	2710
3325	1996
4103	2679
4797	2734
3845	2484
1834	1922
4002	2516
4561	2646
4270	2578
4249	2648
4135	2523
4263	2627
4002	2395
3890	2529
3568	2190
3694	2268
3479	2296
4021	2496
4167	2763
3461	2235
4685	2896
2621	1800
3575	2406
2357	1890
3996	2586
4638	2869
3998	2614
3643	2579
3786	2487
4266	2658
4102	2604
4618	2783
3992	2672
3756	2316
3140	2038
3526	2339
3539	2364
3964	2400
3123	2075
4493	2870
4588	2593
3453	2348
4023	2493
4588	2845
4529	2986
4110	2532
4328	2744
4474	2818
3786	2342
4260	2778
3966	2513
4406	2800
4223	2607
3393	2237
3481	2290
3949	2424
4157	2654
3930	2531
4015	2571
4817	2742
3387	2155
3724	2310
4039	2724
3719	2488
4569	2803
4348	2801
4106	2623
4270	2586
3397	2388
4317	2624
4614	2831
3960	2522
4140	2546
3609	2284
3835	2437
4392	2736
3915	2512
3699	2491
3029	2009
3718	2528
4122	2491
4886	2992
3460	2339
3887	2276
4492	2783
4790	2890
3728	2196
4738	2917
3799	2438
3550	2608
3932	2556
4394	2637
3832	2361
4188	2649
3676	2149
4053	2343
4330	2636
4083	2514
3865	2546
4327	2826
3433	2245
4797	2905
4174	2531
3948	2440
4587	2781
3889	2408
3605	2273
3594	2213
3229	2282
3764	2545
3854	2331
4110	2357
4035	2497
3982	2435
4319	2869
3601	2514
4675	3019
1682	1666
3988	2460
4617	2955
3715	2357
4597	2867
3667	2396
4457	2849
4523	2679
3920	2767
4291	2586
4029	2477
3768	2424
3908	2334
3615	2639
3906	2315
4133	2573
4112	2651
4346	2883
4025	2466
4521	2675
4074	2831
3673	2418
4554	2905
4235	2593
3772	2430
2888	1814
4811	3020
3845	2395
4781	2896
3776	2269
3980	2397
4837	2949
2966	2127
4113	2722
3208	2273
4083	2681
4005	2470
5219	3239
5430	3378
5074	3098
4815	2895
5212	3323
4956	2981
5401	3162
4874	2967
5449	3311
4678	3124
5309	3189
3302	2279
4615	3080
4190	2591
5675	3521
2960	2567
5008	2978
5164	3040
5095	3114
4560	3061
5337	3186
3473	2483
3626	2410
3174	2249
4835	2836
5318	3241
5495	3627
5778	3418
4995	3072
2770	2329
3763	2509
4893	3104
4984	2926
4658	2914
4876	3097
5578	3440
5166	3090
5360	3358
3064	2598
4421	2854
4315	2574
2648	2086
5451	3029
4249	2650
3658	2618
2864	2220
5080	3122
5567	3264
5426	3171
5696	3803
3626	2357
5302	3275
4484	2749
5455	3453
3716	2896
5293	3105
4577	2812
5369	3286
4931	2849
4886	3143
4277	2798
5162	3213
5500	3299
3235	2280
4502	2844
4676	3016
4984	2985
4912	2875
4568	3045
5373	3473
5523	3268
4590	3010
4970	3061
4082	2617
5530	3191
5420	3029
5620	3358
5653	3100
5569	3541
3463	2219
5546	3312
4733	2827
4074	2442
5302	3126
4651	2714
5160	3047
4921	2853
4328	2942
1961	1982
5065	2944
4071	2687
4309	2501
4277	2944
5357	3189
5346	3442
4388	2898
3449	2363
5123	2909
5573	3622
4938	3336
5637	3356
3877	2569
5598	3307
5340	3209
3918	2645
3617	2185
4290	3000
4451	2747
5129	3001
4612	2873
3142	2328
3848	2450
3408	2449
5190	3086
4977	3280
5346	3078
5482	3056
5026	3109
4364	2936
5380	3276
5057	3060
4844	2971
5092	3349
5631	3208
3282	2188
4922	2965
5006	3065
5297	3124
3169	2062
4754	2955
4847	3052
5037	3098
5252	3039
4856	2912
4727	2871
4791	2907
5210	3125
5370	3273
4399	2896
5141	2993
3905	2818
5458	3138
3363	2204
4287	2906
4264	2844
5521	3478
4902	2815
4756	2878
4935	2990
4932	3038
3036	2239
4923	2989
2554	2202
4008	2498
3614	2478
4707	2921
5067	3072
5374	3185
5261	3048
4943	3222
5822	3449
4860	3036
4543	2852
3209	2056
5015	3032
4672	2890
3756	2402
4921	3290
5795	3421
5212	3014
5134	3129
4897	2888
4607	3122
5304	3257
4968	2975
4236	2817
4856	3024
3770	2505
4612	2986
5348	3265
4531	2715
4412	2663
4882	3248
3794	2417
4874	3169
4575	2977
5238	3136
5531	3175
5434	3352
3977	2807
4980	3002
5118	3033
5702	3335
3847	2400
4743	3152
5249	3043
5124	3280
5503	3516
5759	3434
4246	2541
5257	3278
5087	2998
4297	2639
4835	2843
4820	2891
5070	2979
4928	2966
4872	2808
4992	3203
4632	2869
5037	2986
4003	2654
5429	3274
3821	2431
4714	3159
5326	3368
5669	3257
4588	2831
4177	2581
4131	2536
5486	3259
4937	2946
5456	3346
4317	2703
4992	3114
5135	3248
5480	3034
4944	3062
5005	2899
4478	2871
3869	2380
4253	2892
5070	3072
2989	2170
4416	3066
4688	2855
5747	3192
3607	2300
3966	2522
4757	2936
4887	2904
4585	2793
4758	2999
5261	2998
4494	2950
3764	2730
5204	2908
5013	3235
5073	3205
4657	2683
4997	3082
5483	3198
2981	2459
4889	2904
5266	3197
4734	2935
4588	2876
5438	3242
4410	2848
4736	2858
5036	3113
5372	3432
5484	3511
2160	1959
4819	2962
5497	3207
4751	2992
5168	3179
4913	3062
5451	3371
5226	3157
5136	3136
5067	2837
4891	2947
4477	2769
3883	2356
4146	2517
4888	2541
4623	2977
2689	2138
4951	3175
4651	2706
4341	3004
4764	3329
4963	2956
4938	3250
4592	2929
4540	2963
5021	2901
3074	2507
5225	3097
5084	3081
5612	3576
3941	2498
4565	2637
4025	2818
5155	3075
5034	3150
4736	3062
5190	3028
4859	3032
3761	2394
5238	3435
3950	2415
5341	3325
4391	2634
4815	2841
4888	3176
4778	2958
4753	2926
4953	2821
3860	2629
4860	3023
5257	3282
4992	2952
4917	3070
5460	3332
3399	2328
3609	2506
4154	2652
4369	2597
4696	2686
4749	2924
3907	2577
4611	2808
5243	3297
4490	2767
4873	3171
5006	3158
5038	2971
4748	3134
4936	3063
5080	3086
4979	2856
5337	3199
4494	2820
4290	2599
5487	3394
4222	2612
3973	2379
5170	3307
3171	2445
5037	3065
3316	2564
4993	3122
5720	3226
5069	3126
4015	2724
5008	3095
4705	2850
5725	3349
5717	3289
2671	2205
5669	3331
4744	2969
4160	2524
4195	2543
5090	3168
5259	3437
4521	2753
4772	2994
3616	2443
5292	3014
4130	2519
4641	2987
4876	2917
5463	3167
4791	2898
5081	3043
4273	2532
3669	2220
3632	2566
3491	2381
5501	3338
5121	3311
4891	2865
4900	3086
5431	3485
5773	3369
4418	2703
4979	2885
5027	3216
5588	3433
5227	3342
4476	2748
2033	2410
5226	3138
5532	3370
5174	3289
4504	2703
4930	3109
5408	3227
4387	2758
5043	2944
5070	2975
4905	2879
4874	2826
3991	2851
5668	3455
5275	3324
4770	2920
5618	3236
3007	2355
5268	3222
5329	3022
5343	3100
5134	3180
4508	2637
4274	2701
5026	2979
5375	3267
4909	3346
4945	3061
4834	2929
5765	3640
5330	3323
5162	3046
5076	2947
5016	2996
4938	3016
2649	2120
5424	3665
4775	3014
5728	3265
5254	3097
4871	3024
4858	3037
5595	3550
4573	2880
5557	3318
4870	2846
5202	3041
3282	2421
5353	3150
5006	3294
5616	3363
4846	3082
4815	2935
5585	3490
4925	2926
4412	2792
2193	1830
4819	3093
5038	3053
5272	3191
2955	2267
5032	2950
4903	2890
5692	3575
5133	3002
5339	3010
5489	3209
5260	3202
4730	2978
3319	2298
3829	2634
4346	2954
5221	3381
4774	2951
4861	2967
5281	3109
4708	3054
4440	2640
5221	3251
5303	2961
5471	3462
4430	2782
5068	3077
4635	2988
5204	3292
4709	3007
3929	2711
5072	2963
5588	3314
3436	2431
5161	3093
4851	2953
5185	3268
4926	3126
5027	3097
4971	3138
4791	3076
4989	2944
4737	3142
5053	2914
5533	3160
4716	2808
3948	2536
5424	3204
4599	2791
5506	3322
5045	3161
5267	3217
3585	2635
4394	2612
4788	3060
5103	3443
2201	2277
4777	3022
5130	3279
4647	3245
5685	3442
4825	2870
5387	3274
5365	2993
4398	2881
4844	2990
5009	2992
4257	2808
3801	2586
4386	2828
4971	2935
3375	2415
5305	3159
5459	3134
4928	3055
3694	2371
5152	3140
5411	3231
5526	3175
4871	2914
5489	3282
5433	2898
4978	3194
4728	2850
3566	2812
5364	3246
4215	2697
5562	3252
5027	3459
4962	2828
4770	2927
5125	3139
5560	3120
2660	2288
5494	3281
4156	2609
5256	3021
4915	2979
5003	3121
5658	3381
4656	2908
3649	2326
5364	3295
3951	2468
4902	2769
4951	3044
4843	2842
4958	3375
4488	2842
3485	2493
3300	2553
3418	2409
4899	2654
4818	2896
4778	2953
5071	3312
4435	2740
5258	3363
5445	3293
2811	2124
4835	2791
5062	3115
4459	2602
5132	2720
4724	2774
3403	2234
4182	2749
5524	3210
5623	3305
3750	2507
5153	3236
5420	3131
5480	3355
4716	2891
5579	3421
4086	2604
4701	2957
5007	3323
2894	2442
5349	3211
5643	3566
4095	2726
4066	2716
4255	2683
4953	3173
4968	3117
3861	2399
5672	3567
5266	3199
3374	2418
4998	3153
5099	3109
4590	2753
5175	3223
5269	3070
5241	3148
4950	2904
5430	3177
4399	2643
5342	3383
4920	3008
5416	3324
5413	3255
4815	3059
4704	3104
5201	3373
4321	2740
4859	2869
4226	3085
5193	3378
5141	3050
4824	3070
4424	2680
5800	3652
4474	2849
4685	3029
4778	2849
5501	3197
5449	3505
4746	3084
4184	2651
4728	2953
2004	2082
4568	2964
5629	3247
4997	3065
5599	3367
4699	2808
5048	3070
4020	3140
5292	3232
2638	2129
4883	2980
3425	2541
4674	2913
4937	3192
3497	2461
4907	2960
4441	3152
4668	2880
5345	3218
4768	3453
4814	2846
4714	2899
5295	3262
5153	3304
4260	2596
5391	3149
4094	2641
3739	2441
4994	3098
4118	2612
5436	3134
4759	2944
5074	3178
5104	3207
5237	3380
4949	3109
5393	3527
5199	3097
2923	2430
4325	2628
4972	3130
5078	3018
4538	2817
5152	3414
4247	2730
4431	2853
4943	2934
5241	3167
5318	3481
3902	2735
5115	3218
5611	3491
4735	2793
3202	2621
4568	2763
3397	2463
4619	3011
5528	3516
5478	3258
4885	3279
3634	2447
4878	2928
4799	3153
4073	2681
2620	2311
2898	2730
5623	3481
5055	3221
4899	2976
5765	3231
5695	3292
2576	2073
3760	2483
4670	3016
5021	2969
5275	3169
5139	3191
4760	2957
5430	3348
2826	2233
4613	2954
4756	3023
4896	3212
5320	3107
4634	2758
4234	2786
5511	3425
5143	3525
4854	2911
3154	2533
4401	2925
5358	3228
5552	3179
5078	2735
5370	3204
3709	2583
5757	3518
4606	2959
5449	3175
4846	2889
4477	2924
5055	3115
4525	2719
4745	3115
5182	2731
5789	3889
4761	2963
4865	2970
2467	2311
2049	1722
4028	2608
4169	2556
4811	2893
5109	3051
4238	2572
3463	2449
5242	3037
3788	2368
4029	2781
5188	2937
4490	2714
5144	3155
4767	3093
5414	3572
4447	2713
4476	3007
3068	2528
5217	3256
3799	2613
5036	2983
5287	3074
4820	2939
5202	3247
5180	3540
4913	3313
5048	3095
5423	3211
4580	2898
3598	2381
4343	2707
5517	3659
5709	3355
4788	2970
4462	2752
5795	3483
4786	2785
5326	3390
3664	2380
5049	3061
3128	2534
2830	2395
4696	3278
5238	3170
3982	2871
5433	3242
4111	2441
4167	2816
5320	3362
5225	3324
5534	3434
5440	3267
5169	3297
4909	3107
4816	3038
5311	3092
5341	3228
4654	2867
4932	3016
3680	2391
4747	3120
3907	2622
4456	3153
5264	3658
4317	2830
5620	3493
5074	3303
4903	3148
4766	2934
5644	3391
5382	3159
4545	2970
5185	3292
3495	2715
3954	2909
3112	2151
5297	3223
3830	2310
4889	3040
5322	3166
4918	3228
4896	3022
5700	3495
4621	2739
5492	3402
5493	3529
3861	2434
4045	2609
5741	3322
5023	3024
4901	3009
4681	2837
3214	2415
5483	3264
4836	3098
4350	2854
5161	3140
5219	3055
5021	3037
4811	3171
3897	2676
5130	3207
5389	3737
4517	2768
4698	2722
5023	3002
4952	3041
3658	2297
4853	2821
4935	3002
5578	3150
5747	3318
5345	3173
5382	3416
3954	2613
5575	3289
5169	3110
3615	3184
4833	2765
4622	2639
5146	2939
5479	3177
5128	3001
5151	3121
4359	2689
4403	2850
5056	3071
4488	2801
4991	3055
4386	2921
4335	2539
5505	3168
4899	2815
5497	3004
3790	2749
4917	3094
5310	3007
3294	2465
4802	3108
4076	2533
5217	2968
3613	2386
2785	2339
4806	2957
4765	2819
5223	2973
3785	2976
5690	3458
5841	3632
4771	2948
3269	2470
1916	1864
4982	3058
4865	2887
5102	2964
5034	3131
4613	2886
4244	2534
4244	2635
4625	2944
5377	3314
5069	2819
4865	3110
4525	2667
5474	3428
4793	2740
4011	2851
4941	3002
4461	2671
5767	3338
4074	2563
4969	3469
4283	2682
3409	2334
4717	2885
4792	2927
4782	2688
3985	2647
5620	3474
4499	2988
4822	2818
5496	3227
4869	2931
2333	2415
4459	2843
4974	3119
2602	1916
5429	3240
4340	2711
2229	1906
4121	2480
5035	2925
4770	2953
5411	3221
2391	2144
5731	3341
4861	3190
2832	1969
3800	2744
4871	2840
3219	2227
3694	2507
4810	2956
4815	3132
5305	3197
2850	2715
5396	3202
4923	3024
5572	3352
5632	3392
5275	3306
4882	2810
3695	2156
5760	3225
3502	2244
5176	3039
5082	3089
5440	3266
5148	3027
3976	3601
3369	2212
5575	3097
5604	3186
4193	2642
4984	3085
4715	2869
5459	3337
5009	2935
5012	2918
5435	3120
4743	2785
5118	3118
4292	2843
4570	2939
4113	2396
5051	3048
5042	3051
5164	3232
4996	3013
5741	3528
5127	2950
4841	3042
3910	2509
5120	3224
4826	3055
5102	3037
4746	2837
4753	3070
5039	3069
3690	2750
3972	2434
3017	2479
4402	2774
5392	3112
5033	2884
4002	2605
5100	3108
5081	3168
4696	2963
4844	2885
4710	3012
4250	2687
4936	2882
5274	3153
5750	3316
5240	3041
4515	3074
5085	3212
6468	3608
6149	3718
6684	4433
5895	3590
5665	3538
4272	2978
6066	3642
6193	3821
5725	3566
6244	3644
6405	3492
3363	2471
5250	3717
6617	3919
6430	3689
5757	3507
6044	3576
5947	3868
4345	2856
6040	3446
3368	2218
5679	3573
5235	3448
4972	3034
6467	4099
5752	3545
5450	3412
3700	2880
6686	3866
6311	3696
4430	3171
5595	3475
5406	3423
6104	3545
6307	3675
5696	3367
4803	3195
6054	3782
6102	3569
5869	3723
6207	3825
5248	3226
4958	2974
5805	3487
6461	3738
5808	3720
5592	3138
4354	2941
6129	3684
6258	3769
5812	3516
5410	3272
4058	2708
6392	3711
6403	3944
6267	3882
5844	3623
4610	2931
5359	3124
5279	3235
6419	3759
6505	3622
6162	3962
3548	2510
6276	3505
5293	3222
5052	2892
5405	3431
5829	3501
5526	3561
5689	3276
6346	3816
4969	3036
3625	2473
4183	3048
5895	3548
6255	3790
6551	3534
5401	3278
4775	2907
5512	3521
5647	3296
2772	2686
5616	3229
5786	3445
5429	3332
4622	3005
5309	3273
3840	2689
5368	3350
4834	3402
3592	2933
6213	3574
3219	2838
6328	3720
5243	3284
5794	3342
6212	3555
6353	3752
5230	3095
5864	3327
4818	2973
5915	3585
4913	3208
3441	2430
4335	2708
5927	3514
5813	3653
4595	2982
6128	4166
6184	5263
5191	3389
5714	3555
5578	3457
6336	3645
6025	3760
4866	3230
4900	2975
5676	3671
5964	3913
5470	3206
6582	3879
3362	3185
6036	3432
5940	3459
5558	3393
5883	3282
6322	3704
6208	4074
5700	3705
5436	3296
6476	4360
5856	3646
5900	3420
6255	3881
5480	3261
6402	3788
3671	2434
3586	2626
6001	3536
5677	3504
5763	3626
6210	3728
4132	3033
6507	3649
4902	3332
5626	3165
5443	3132
6152	3651
6490	4485
6294	3772
6204	3729
5881	3695
5072	2943
6703	3859
6213	3533
6256	3644
3860	2640
5483	3327
6348	3891
5701	3430
5571	3803
6301	3665
4547	3143
5276	3211
6517	3998
5513	3066
3877	3249
2844	2528
5587	3555
5756	3444
6317	4005
6552	3710
5892	3546
4361	2762
5157	3149
5932	3616
6130	3798
6400	3639
5875	3546
5447	3338
5840	3626
5409	3201
6696	3903
5692	3505
4939	2949
5720	3510
5979	3648
5315	3399
4057	2571
5986	3555
5518	3232
6433	4053
3011	2477
5465	3634
6099	3516
5429	3390
6268	3679
5820	3633
6289	3793
5639	3557
6585	3852
5372	3523
6122	3777
5891	3476
6071	3499
6027	3735
5592	3296
6405	3982
6067	3572
5528	3466
4536	3219
5713	3505
4855	2979
5568	3482
6072	3436
5875	3559
3079	2457
2934	2608
6751	4277
6079	3617
5889	3365
4991	3332
6454	3689
6254	3825
6299	3127
5886	3812
6038	3722
3310	2790
5730	3588
4585	2973
5135	3183
3054	2424
6112	3556
5678	3253
6257	3820
6753	3971
6269	3919
6472	3977
6319	3582
5694	3423
4340	2842
5728	3730
6068	3886
5832	3398
6570	3891
5178	3147
5642	3541
5751	3467
6287	3851
5868	3743
6278	3552
5623	3698
5792	4068
2948	2318
5713	3512
3752	2602
5363	3049
5422	3181
6444	3792
6012	3660
5988	3590
5380	3132
6002	3375
6159	3722
6190	3612
3527	2766
5953	3661
6042	3552
6344	4018
5722	3423
4155	2785
5257	3188
5836	3578
5929	3549
6460	3546
6424	3780
6576	3908
6046	3941
5824	3408
4626	3159
6254	3793
6369	3785
6150	3761
6533	3752
5552	3589
6601	3867
5817	3507
5404	3446
6671	3943
5889	4055
3822	2696
6056	3541
6221	3786
6251	3828
5303	3344
5361	3318
5625	3557
6365	3671
5715	3104
5690	3363
6009	3542
5841	3591
5652	3411
5898	3555
6300	3958
5375	3448
5850	3712
6061	3930
6210	3484
6278	3671
5710	3507
5698	3514
6087	3647
5476	3777
6181	3653
5527	3620
6104	3681
6127	3560
5233	3045
3173	2552
5851	3469
5899	3736
4694	3245
6486	3845
6364	3552
6059	3841
5520	3534
3225	2595
6291	3907
6346	3688
4604	3233
6139	3608
3977	2685
5129	3157
6154	3643
5693	3628
5841	3583
5571	3642
5783	3444
5892	4140
6117	3552
6195	3821
6366	3714
4215	2968
6187	3889
5809	3457
4541	2859
5689	3592
4703	3159
5698	3549
4698	3182
6560	3872
5821	3286
6394	3922
3983	2855
6463	3673
4627	3255
6234	3955
6237	3718
5358	3257
6201	3644
5999	3660
5943	3646
6410	3989
5818	3245
5785	3512
5399	3405
5225	3531
5590	3322
6213	4062
5961	3516
6297	3744
5828	3477
3451	2442
5777	3420
6281	3962
5912	3360
5739	3604
5817	3810
5805	3851
6279	3855
5294	3266
6509	3685
4787	3169
5746	3445
6050	3663
4406	2657
6187	3801
5384	3193
5835	3602
5612	3708
5363	3381
6667	3813
5864	3660
5879	3668
5898	3676
6236	3755
5127	3143
6001	3660
3161	2373
6543	3972
6069	3464
5670	3899
5176	3478
4742	3113
6143	3634
4180	3173
3280	2491
6750	4254
5040	3096
5265	3319
5900	3596
5710	3397
6714	4050
3926	2814
6417	3546
6365	3797
6763	4058
5721	3329
6003	3544
6174	3844
6152	3932
5278	3357
4131	2627
5134	3132
4792	3255
5802	3451
6667	3865
3687	2856
5524	3164
6518	3908
4119	2755
5321	3381
5445	3643
6045	3565
5319	3269
5216	3626
6394	4038
5831	3623
5065	3309
6117	3772
6460	3792
6410	3935
6006	3945
5460	3822
5367	3456
6200	3738
6220	3868
6172	3503
6370	3981
5247	3266
4350	2940
6132	3662
5276	3257
6535	4037
6371	3683
5658	3434
5258	3215
5334	3181
3945	2720
6056	3567
6092	4070
5605	3416
6077	3474
5700	3483
5474	3461
6220	3938
5931	3532
4644	3190
5496	3441
6180	4073
3717	2698
5402	3251
4985	3118
6148	3676
5707	3526
5849	3715
5110	3170
5550	3409
5924	3605
5916	3658
2266	2120
4379	3116
4601	2903
5777	3411
6443	4004
6023	3774
6589	4243
6262	3646
5820	3727
6047	3582
5997	3319
6134	3868
5970	3615
5564	3267
4700	3212
6328	3774
5734	3356
5836	3607
5947	3493
5801	3437
6735	4059
4068	3107
5835	3617
4013	2815
6039	3534
5136	3185
4942	3030
4078	2687
6307	3831
6110	3907
6050	4012
5636	3601
5469	3842
5263	3317
6621	3946
5706	3417
5735	3462
3583	2639
6136	3670
6247	3505
5463	3360
5563	4026
4427	2943
6257	3708
6337	3785
5694	3451
5526	3659
5316	3318
5361	3270
5104	3131
4463	3088
6171	3772
6048	3602
4437	3038
6436	4007
5753	3331
5379	3198
6005	3483
4946	3271
6293	3783
3464	3031
6509	3981
5816	3443
6425	3967
5676	3316
5500	3355
5920	3368
6067	3694
5562	3633
6380	4269
6587	3815
6373	3851
5704	3685
6302	3880
6631	4217
5493	3309
6297	3412
4610	2947
6619	3919
4216	2810
4868	3226
5170	3199
2851	2266
5548	3640
4355	2427
5364	3377
4981	3243
6403	3676
6240	3766
5363	3320
6313	3812
5816	3629
6457	3845
5609	3249
6659	4018
5635	3489
4086	2847
5347	3372
2913	2595
6517	3895
4758	3052
5642	3707
6119	3555
5875	3549
5878	3288
6148	3433
4821	3173
6334	3790
5792	3660
5008	3146
6480	3928
4519	2917
5925	3826
6183	3691
5197	3169
6004	3572
4536	3256
6112	3671
6220	3758
5398	3306
6055	3681
6427	3932
5402	3121
5030	3090
4612	3011
6223	3941
6497	4098
5961	3753
6212	3657
5008	3137
6526	3873
5220	3434
6414	3779
6209	4077
6679	4080
6398	3697
6614	4209
3630	2614
4146	2671
5953	3754
4816	3203
5443	3353
6244	3795
6026	4022
5863	3973
6139	3905
4684	3112
6544	4218
6058	3707
6113	3620
5866	3470
4531	3083
5675	3788
6081	3446
3989	2851
5355	3147
5987	3688
6265	3733
6005	3589
6306	3610
6899	4067
6198	3734
5584	3511
6295	3779
6628	3981
5973	3795
5732	3631
4464	2706
5713	3779
5316	3323
5467	3330
6119	4006
4686	3182
5907	3755
6520	4310
5285	3389
6128	3686
6060	3640
3889	3414
5950	3796
6681	3965
6493	4095
5870	3660
5192	3320
4702	3071
4027	2785
5886	3685
5622	3468
5830	3554
6480	3509
6321	3753
6370	4354
5770	3564
4486	2762
3917	2638
6087	3907
6549	4025
5576	3613
3784	2677
6042	3824
4329	2991
5543	3509
5594	3585
6238	4213
4880	3869
5602	3575
4261	2865
5859	3822
5865	3711
5431	3281
5379	3472
6042	3889
4842	3021
6380	4012
6398	3891
5687	3342
4983	3139
6181	3974
5693	3563
6533	4011
5853	3457
5932	3427
4566	3268
6593	4155
5559	3323
5557	3587
5826	3694
6821	4180
1111	1825
4980	3407
6429	3933
6037	3606
5282	3258
5350	3321
5839	3575
6604	4051
5243	3365
5467	3592
6077	3630
5406	3502
5896	3406
5107	3519
3264	2281
6331	3947
5762	3538
5325	3513
6426	3698
5572	3431
4319	2811
5521	3753
4857	2954
5238	3163
5314	3534
4136	3102
6183	3564
5983	3522
6033	3999
5904	3421
4463	2755
5978	3516
5882	3382
5786	3407
5551	3639
6283	3782
5302	3360
6227	3800
5210	3416
5967	3826
6529	3789
5098	3195
5973	3450
5673	3621
6055	3784
6242	3767
5748	3681
6442	3819
6029	3944
4462	3081
5755	3533
5524	3330
5938	3544
6053	3633
6593	4394
6108	3692
6198	3481
5872	3613
5618	3557
6144	3681
5971	3863
6400	3900
6397	3902
6044	3757
6137	3388
5797	3672
5380	3197
6089	3584
6480	3952
5725	3494
6335	4047
5120	3213
5769	3470
6174	3507
5408	3352
2698	2189
5839	3680
5807	3775
5021	2996
5708	3587
4308	3097
4883	3509
6060	3655
5602	3347
6403	3919
5636	3158
4570	3004
5657	3521
6127	3781
5907	3491
6077	4008
5386	3226
5707	3525
5787	3689
5717	3497
6002	3814
6184	3957
6197	3817
4237	2703
5613	3468
6256	3959
6009	3503
6377	3963
5750	3588
5874	3652
5319	3620
5629	3490
5655	3419
6024	3551
6091	3961
6550	3988
6097	3903
3690	2687
5173	3277
6058	3682
3437	2629
6387	3755
6669	4599
6379	3747
6471	4048
6265	3885
3079	2490
5040	3155
5858	3453
4108	2624
6121	3806
5573	3416
6141	3600
6009	3856
5387	3274
6169	3806
6034	3372
6143	3820
6269	4092
6231	3696
6446	3825
6758	3927
5585	3575
4805	3009
6505	4004
4071	2824
6345	3808
5556	3652
6363	4193
6195	3664
4820	2936
6276	4047
6432	4157
4820	3452
5235	3414
6281	3841
3925	2783
6564	3876
5947	4037
5636	3389
5645	3468
5386	3609
6709	3966
6075	3672
5848	3543
4774	3002
6053	3628
5202	3290
5937	3411
5820	3344
6037	3585
5942	3449
5267	3228
3729	3029
6004	3818
6241	3841
6096	3688
5468	3540
3640	2451
6184	3827
6679	3904
5587	3528
6145	3984
6043	3703
5948	3754
5690	3366
5103	3135
5704	3327
5755	3765
4478	2881
6463	4115
5365	3456
6237	3903
6024	3602
5788	3436
4426	2922
3602	2921
5341	3332
5244	3027
6300	3751
5423	3256
4076	2889
4309	2812
5979	3561
5781	3537
3994	3087
4261	3115
6056	3655
4004	2811
4628	3124
5409	3163
5204	3178
5281	3374
5896	3613
5781	3844
6100	3741
5991	3568
5981	3612
6034	3762
5930	3907
5792	3838
3681	2817
5522	3407
5979	3991
4888	3010
5984	3580
5926	3709
5862	3564
5407	3428
6197	3727
5996	3700
5745	3534
5811	3496
4994	3224
6006	3681
6111	3734
5994	3516
3589	2856
4135	2660
6005	3714
5314	3399
5392	3619
5577	3334
5882	3494
6167	3825
6591	4166
5518	3692
5649	3405
5779	3547
4342	3305
6666	3900
6527	3889
3943	2931
6576	4407
6113	3972
5800	3755
6260	3772
6663	4337
5942	3771
5885	3496
4873	3005
5649	3272
6129	3791
6107	3398
2690	2213
6549	4214
5475	3517
5912	3406
5824	3917
3098	2610
6436	3840
6004	3662
4872	3122
5980	3407
6265	4488
5333	3248
5652	3578
5938	3610
6432	4076
5932	3465
5539	3443
6218	3562
6009	3681
4750	3100
6184	3877
4670	2893
6202	3870
6580	4198
5953	3412
4744	2834
5985	3522
6393	4332
6118	3699
6216	3346
4215	2962
6627	3857
6664	4077
6548	3827
6888	4109
4905	3408
7044	4120
6317	3834
7260	4428
7148	4839
7223	4219
6117	4013
6797	4413
6852	4006
6695	4265
7279	4730
7570	4478
5909	3787
6381	3761
5325	3129
7132	4440
6387	3674
6379	3784
7404	4049
7339	4399
7107	4288
6654	4400
6679	3847
6882	4225
5731	4348
7506	4414
7221	4953
6578	4149
6964	4361
7012	3728
7153	4475
6954	3934
7382	4706
6812	4285
7056	4214
6666	3972
7408	4593
5910	3744
6693	3993
6381	3787
7298	4372
5745	3498
6391	3703
6350	4041
7216	4611
6598	4031
6469	3932
6846	4208
7094	4193
6459	3927
7146	4004
7298	4292
7303	4578
6246	3924
6785	4027
7397	4322
6255	3943
6611	4267
6374	4239
6929	4410
6808	4248
6966	4294
5784	3665
3878	3362
6602	4042
7076	4666
7460	4870
6431	4042
6095	4122
6167	3664
6788	4316
7353	4823
6400	4582
6666	4065
6436	4047
3346	2671
6770	4432
7215	4422
7394	4715
6185	3681
6682	4080
6541	3757
6390	4040
7036	4645
6578	4329
6961	4676
3186	2777
6131	4184
6640	4280
6460	4192
5052	3339
6035	4496
6357	3574
7021	4171
6963	4365
6664	4222
6833	3928
6956	4021
7902	4847
5992	4016
6489	3816
6899	4051
7260	4848
7013	4506
6767	4213
6965	4589
7635	5306
6275	3816
6205	3812
5480	3605
7264	4521
7118	4257
6439	3995
7154	4414
6398	3777
7237	4613
6551	4561
7643	4733
6152	3894
6646	4297
7004	4433
6909	4062
6889	4275
2694	2347
5430	3944
6909	4298
7273	4506
6755	4400
6570	3883
7137	4267
6603	4445
6675	4269
6767	4334
7086	4068
6755	4218
6911	4450
4072	2964
7369	4494
7441	4499
6688	4329
5798	3683
5062	3273
7077	4432
5779	3944
6986	4569
3886	3539
3652	2964
4808	3246
6579	4179
6269	3882
7245	4273
6967	4398
5636	3777
6643	4140
5947	4033
6457	3912
6907	4543
4764	3262
6804	4337
6741	4077
7174	4460
4465	3123
6691	4282
6628	4196
7303	4636
6980	4570
6694	4192
5839	3628
6732	4286
7181	4437
5562	3922
5647	3592
7045	4863
6630	4372
6926	4606
4638	3679
6879	4290
5646	3741
6682	4308
7220	4346
5545	3643
6043	3791
5930	3774
7407	5113
6888	4342
5471	3887
6747	4078
5383	3716
4950	3336
6616	4126
4488	3381
5312	3735
6415	3809
4410	3255
6438	4083
6461	4153
5896	3884
6467	4455
3996	2979
5641	3860
6765	4352
6564	4284
6435	3987
6938	4656
5881	4080
7143	4436
6549	3997
3086	2803
7416	5043
5801	3649
6537	4046
4605	3179
6877	4119
7696	4739
7416	4512
5650	3830
7806	4664
5633	3669
6681	4326
6755	4149
7189	4263
7445	4703
6289	4105
7119	4412
6567	4432
7639	4694
5670	3862
7213	4249
5610	3338
7175	4174
7017	4216
6227	3813
4592	3258
5428	3606
6441	4020
7650	4237
7430	4669
5619	3941
7397	4342
4242	2807
4793	3295
6344	3956
6968	4310
6859	4145
5539	3653
7169	4300
6847	4765
6133	4012
3744	2843
4903	3005
7374	4516
5937	3693
7016	4145
6574	3936
3696	3094
2858	2473
3885	2985
7316	4212
6993	4584
7315	4691
6849	4152
6272	3963
2711	2829
6653	4266
6349	3874
6818	4254
5400	3463
7583	5143
4926	3151
6622	4018
6484	3944
5235	3686
6804	4390
7203	4564
5401	3322
7203	4246
7343	4616
6400	4113
5331	3348
6775	4377
7161	4387
7301	4573
6864	4068
7380	4510
6771	4388
6621	4179
6660	4215
6595	4203
6930	4335
7128	4695
6342	3955
3866	3345
6606	4437
6255	4192
6320	4114
6180	4104
7654	4737
5478	3716
6403	4292
6711	4485
6828	4350
5484	3395
6387	4079
6039	3666
7221	4490
7508	4823
6212	4351
5300	3318
6778	4114
7179	4824
6835	4207
7499	4714
6897	4294
6295	3733
7507	4534
6707	4192
7050	4109
5537	3655
6695	3955
7202	4341
6799	4150
6516	4071
6906	4525
6853	4308
6395	4178
6037	4009
6585	4369
4783	3089
5702	3739
5819	3861
7455	4570
6760	4202
6437	3944
7048	4139
6385	4118
5576	3509
7385	4631
7337	4464
4633	3316
5808	3589
7205	4396
5871	3890
6600	4191
5048	2919
6261	4039
4592	3024
5497	3639
6662	4435
6748	4307
7558	5077
6801	4441
4828	3564
6593	4186
3991	2892
5204	3363
6451	4132
6761	3919
6690	4498
7255	4718
6732	4466
7467	4636
5729	3624
6645	4112
7339	4415
4947	3292
6547	4127
6753	4467
6801	4356
6879	4134
7463	4569
6803	4381
6164	3435
2393	2260
6489	3908
6531	4109
4268	3271
6758	4214
6308	3966
7157	4689
5374	3552
7511	4971
6462	4077
5184	3417
6935	4523
7057	4372
5487	3621
7267	4617
7369	4219
6576	4389
7516	4591
6866	3936
7358	4526
6603	4103
7296	4982
5718	3600
6710	4003
6703	4176
6780	4196
7644	4746
6639	4268
5305	3649
7451	4963
6778	4334
6067	3693
7276	4675
6750	4284
6536	4149
6572	4169
5827	3775
6496	3930
7020	4448
6659	4495
5850	3801
4354	2805
6003	3985
4678	3316
6427	4156
6743	4135
6797	4484
6890	4223
7462	5058
6182	4089
7133	4408
5534	3845
5432	3448
4963	3321
6813	4940
6817	4009
7215	4693
3783	3055
6924	4391
6858	4570
4613	3394
4631	3555
7249	4774
7156	4378
5336	3746
6943	4247
5196	3225
6909	4243
7064	4454
6744	4164
6570	4238
6604	4163
6987	4900
6463	4100
7325	4458
5110	3394
6439	4026
6441	4073
7213	4633
6514	4041
6711	4362
6387	3876
6793	4280
7303	4473
6644	4154
6409	3935
4857	3699
7139	4278
6771	4203
7500	4615
7175	4279
6101	4216
3319	2883
7501	5035
5939	3729
6741	4344
5125	3175
6244	3685
7071	4228
6504	4091
6848	4547
6817	4109
7668	4477
6678	4078
5088	3317
7546	4516
7172	4507
7261	4475
7185	4183
6984	4415
6776	3956
6964	4439
6257	3800
7347	4658
6981	4201
7224	4450
6820	4182
7034	4802
6058	3852
6688	4281
6793	4316
6423	3906
6882	4286
7000	4280
6539	3985
7462	4051
7069	4393
6765	4342
4971	3347
7471	4527
7403	4613
6752	4379
6858	4537
5903	3695
6953	4261
6904	4246
6927	4397
6502	3935
7184	4561
5223	3457
7404	4836
7431	4515
6377	3824
5721	3813
6848	3976
6101	4158
3777	2938
6793	4248
6854	4363
6685	3980
5286	3707
6583	4093
6950	4717
7007	4342
7287	4337
7277	4664
7296	4223
5320	3544
5902	3971
6991	4305
6713	4178
5637	3767
6847	4220
7366	4530
5097	3200
6616	4051
7489	4423
5447	3272
7354	4470
6795	4432
4413	3318
7207	4286
5388	3391
6562	4169
6784	4529
7422	4603
6482	4063
7607	4416
6702	3862
5756	3678
6942	4510
6367	3879
6917	4557
6522	4465
6964	4029
5150	3525
7469	4476
6697	3823
7028	4205
6981	4388
5330	3605
6978	4370
7196	4211
6320	3770
7135	4261
3300	3260
4716	3592
6418	3885
5668	3690
6731	4201
6643	4470
6351	4075
7314	4317
6506	3990
6775	4147
7235	4685
6235	3900
7094	4339
6964	4819
6341	4342
7290	4702
6466	3917
6663	4196
3815	3301
6580	4108
5025	3486
7261	4512
7422	4657
7492	4581
6562	4266
7473	4582
7409	4447
6782	4019
7042	4178
5440	3553
7299	4352
5893	4066
5299	3509
6779	4098
7341	4587
5832	3823
6044	3933
4427	2771
5282	3446
5819	3617
3853	2783
6400	4120
6405	4154
6184	3877
7117	4595
6411	4062
7269	4760
7236	4451
5429	3482
7040	4446
5104	4212
6667	4325
7359	4743
7056	4445
5293	3725
4290	2832
6403	4103
6689	4286
6931	3965
6013	3653
6605	4107
7443	4569
6597	4263
6545	4323
6549	3886
6006	3610
7480	4464
6935	4561
6757	4260
5832	3721
7745	4639
7556	4808
5305	3714
5847	4004
3011	2833
6351	4232
7257	4521
6597	3714
6750	4093
6683	3989
5473	3482
6242	4140
7029	4114
6802	4355
6142	4391
6891	4317
3813	3072
7216	4206
7525	4679
7216	4415
6554	4113
7157	4298
7449	4431
6928	4351
6869	4066
3623	3153
6392	4301
7523	4625
6979	4475
5848	3618
7429	4759
5745	4002
7268	4449
6996	4217
6623	4114
7058	4443
7175	4454
7388	4438
4903	3216
6338	4155
3488	2996
6647	4353
6381	4188
7189	4753
4603	2939
6889	3638
7140	4634
4482	2964
7037	4381
6724	3928
3867	3338
5824	4047
6085	3876
7420	4726
3794	2677
7536	4802
6671	4140
7503	4605
6836	4255
5127	3153
6945	4473
7237	4648
7139	4387
6983	4145
5790	4026
6671	3798
6834	4638
7331	4466
7704	4554
3609	2623
7077	4253
6418	4093
7152	4098
6659	4136
7171	4571
7464	4706
6797	4090
7556	4388
7430	4327
6796	4335
6813	4130
6991	4518
5448	3522
7034	4599
6799	4339
7227	4425
5164	3349
6581	4236
7124	4394
7067	4466
7703	4747
7257	4338
6352	4100
6393	3891
7486	4482
7355	4317
6513	4121
6550	3868
6755	4175
7617	4545
6541	4062
7053	4355
6693	4192
6462	3899
6360	4067
7181	4849
7834	4815
7020	4430
6452	4195
7381	4512
6612	4087
6861	4545
7299	4403
5781	3613
6021	4166
6130	3977
5665	3361
6715	3946
6025	4199
5127	3513
7196	5156
6994	4184
5678	3718
6163	3804
6245	3810
7283	4406
7521	4278
7042	4235
4198	2861
4769	3656
6296	4155
7297	4389
5216	3582
6609	4138
7343	4650
7370	4505
7189	4332
7665	4835
7643	4487
7293	4405
7132	4316
6995	4349
7014	4449
6918	4099
6483	4012
7347	4622
6924	4149
6944	4189
6434	3723
5945	3943
6505	4379
2937	2747
6674	4729
7296	4450
7816	4741
4303	3306
5000	3397
7447	4285
5024	3483
7281	4192
6913	4147
5755	3398
6906	4329
7069	4513
6384	4162
6751	4153
7165	4511
7254	4173
2857	3217
4206	3119
6729	3896
6531	3943
5890	3851
6844	4253
7169	4366
7224	4451
4730	3254
4479	3056
6764	4165
7123	4221
4750	3073
7139	4312
6039	3762
6709	4072
7648	4988
6240	3800
7491	4455
6303	3826
6179	3889
6484	3740
6492	4006
7083	4713
2558	2557
4502	3283
6907	4395
6677	4068
7620	4434
3496	2972
6070	3999
7229	4866
7088	4253
6420	3794
5826	3791
5197	3363
6350	4305
6213	4097
6933	4536
6182	3703
7020	4125
6330	3882
6442	3869
6206	4014
6599	4052
6345	4217
7052	4211
6901	4027
6057	3944
5349	3468
6464	4067
6865	3963
6440	3979
4531	3002
6917	4203
5013	3353
7103	4361
6738	4345
7084	4134
2511	2410
7031	4453
6879	4070
6801	4296
7172	4343
4190	3111
6493	4032
5828	3576
5658	3309
6096	3755
6960	4302
5865	3602
6408	4201
7282	4581
6094	3645
6979	4202
6748	4275
6700	4102
5447	3233
7163	4697
5277	3662
6077	4028
7035	4385
4430	3150
7122	4481
7113	4281
6440	4458
7087	4618
6621	4107
6144	3867
7388	4619
6849	4068
4853	3116
7546	4437
6937	4321
2813	2709
5557	3269
6640	3972
5693	3598
6339	3967
6220	3710
6033	3585
6242	3959
6954	4026
7171	4058
7324	4443
7440	4771
5963	3640
5727	3714
6879	4061
6535	4201
7369	4839
6171	3692
442	2830
6730	4032
6715	4239
7597	4460
6939	4446
6710	4229
6219	3851
6687	3997
7542	4495
7431	4438
6494	4018
6242	3959
6743	3823
6699	4257
6196	4014
6677	3938
6990	4168
3770	3496
6348	3923
6979	4185
7709	4498
6992	4371
3467	3076
7072	4085
6458	4234
7347	4482
6275	4395
6581	4056
5843	3989
7018	4662
7521	4429
6897	4189
6534	4507
4289	2993
7605	4644
6564	3949
7307	4063
7162	4352
6542	4031
6614	4272
6928	4402
6901	4287
6108	3672
6734	4059
6950	3792
5439	3376
6410	4470
7269	4436
6498	4128
6893	4282
6251	4143
6555	4095
6063	3872
5404	3690
6212	4035
4261	3100
5694	3511
6919	3940
6477	4812
7148	4363
6959	4231
7184	3984
6963	4180
7163	4444
7181	4454
6697	4177
6898	4621
5176	3396
7166	4298
7453	4415
5728	3622
6461	4564
6253	4360
6628	4233
7623	4666
6818	4070
7146	4557
6756	4260
7621	4471
8191	4903
7647	4498
7449	4345
6849	4659
7599	4966
8598	5408
7698	4487
7740	4662
7247	4459
7715	4889
8191	4810
4743	3642
6384	3796
7685	4537
4056	3134
8229	4949
8157	4713
7402	4248
6785	4148
8037	5071
8008	4659
7905	4722
7283	4322
8328	4893
7786	5134
6976	4478
7850	4767
6966	4350
8107	5212
5662	3672
7735	4892
7438	4460
7910	4948
7549	5154
5994	3808
8166	4859
4349	2930
7348	4954
7980	4682
5898	3751
8131	4908
5779	4002
7807	4587
7072	4650
5131	3789
7896	4433
7764	4933
8111	4753
6989	4217
7815	4812
6411	4465
7748	4499
6863	4084
7822	4583
6652	4028
8134	4945
7598	4899
7930	4597
6391	4140
8209	5102
7804	5070
8505	4930
7582	4583
8710	5040
6140	3927
6794	4277
7704	4507
8458	5037
7906	4584
7836	4410
6495	3871
8466	5447
7873	4841
4810	3505
8377	5130
7448	4760
8107	5013
8079	5000
6799	4392
7909	4597
6310	4480
7854	4772
7851	4987
6031	3888
7182	4351
7089	4562
7994	4972
7719	5056
5632	3876
8442	5296
7742	4836
7573	4960
8073	4764
6480	4407
7425	4585
6057	3947
7872	4690
8610	4978
5435	3768
7359	4499
7939	5251
7866	4981
7806	4834
7422	4976
3925	3270
7743	4432
6032	4351
7995	4925
7110	4400
6316	4080
7467	4844
6255	4073
7138	4405
4002	3201
7796	4629
6999	4309
8104	4984
8572	4961
5840	4039
7742	4656
7320	4431
7300	4659
8069	4697
8439	5221
8723	5312
8327	5026
8273	4890
7637	5088
8114	5154
6531	4502
7728	4320
7936	4710
8672	5418
7869	5089
8444	4962
7213	4436
7395	4472
7144	4395
6587	4044
6258	3910
8320	5270
8705	5136
7841	4942
7620	4530
7792	4856
7215	4804
4983	3523
7109	4434
7178	4631
7819	4214
7754	4772
7016	4232
6833	3934
7915	4908
7580	4801
8263	4935
7267	4432
6395	4033
8038	5112
5696	3813
6436	4154
7861	4541
6261	3956
7975	4751
3911	3035
7400	4692
6286	3891
7437	4686
6083	3844
7721	4461
7085	4665
7191	4595
8154	5159
7698	4622
6463	4302
5942	4071
8509	5277
6679	4332
7441	4655
7409	4867
4993	3818
8101	4917
6944	4346
6909	4271
7570	4816
7097	4840
6911	4581
7680	4530
8049	5410
7670	4978
8069	4833
7409	4681
6970	4636
4461	3212
7754	4694
6607	4131
7709	4667
7895	4739
4734	3727
8620	5220
7838	4729
8069	4539
5040	3804
7692	4491
6732	4264
8682	4906
8438	5165
7682	4731
8217	5025
8540	5237
5699	3863
7271	4332
7778	4490
8289	5038
7886	4694
7836	4922
8068	4684
8002	4700
8594	5204
8287	5174
5397	3355
7761	4253
6645	4186
8093	4782
7812	4654
6454	4048
7853	4953
7288	4701
8172	5024
8565	5373
7755	4805
5729	3975
5832	4035
8585	4688
8222	4869
7871	4636
6797	4269
7319	4394
7191	4455
7261	4342
8009	5021
6756	4104
7957	5114
8289	5329
8466	4939
8190	5221
8374	5127
4780	3408
8608	5585
7641	5503
6966	4013
6265	3962
6593	4262
7667	5776
7956	4778
8251	4931
8041	4805
5606	3500
7191	4550
8409	5358
7289	4355
6319	4385
3358	2903
7957	4801
7421	4918
6710	4109
8474	5432
7443	4701
7221	4377
8139	4440
6212	4072
7856	4670
8202	5078
8166	4980
6920	4169
7632	4584
7494	4546
7765	4755
7414	4499
8383	5146
7603	4792
8146	5111
7085	4751
7316	4355
6908	3937
8426	5122
7012	4256
8475	5207
5790	3745
6912	4524
6364	3864
6447	4018
1241	2022
7627	4445
6114	3937
8156	4778
6697	4600
7694	4639
5874	3893
5224	3649
6939	4654
6032	3521
8302	4846
8228	5052
8245	5038
6222	4137
7979	5236
4160	2990
7741	4959
6426	4587
7612	4785
7914	4360
7610	4418
8099	4909
8395	5189
7337	4511
8164	4877
7948	4814
6507	4135
8406	5051
8180	4840
6808	4380
7320	4699
7943	5311
7538	4307
5796	3705
7478	4815
7972	4813
5286	3344
5549	3798
7758	4794
7051	4506
7971	4561
7134	4284
7746	4354
7425	4960
8321	5398
7330	4494
7058	4605
8344	5255
7829	4910
7767	4672
5868	4206
6944	4617
7103	4580
7895	4545
6727	4039
7486	4697
5648	4052
7956	5182
5012	3102
7413	4937
6511	4009
7632	4770
7196	4539
8421	5064
6372	4175
7786	4548
7155	4527
5915	3893
7813	4692
7518	4503
7068	4457
3045	3491
8431	5224
7233	4618
7383	4254
6606	4118
6786	4388
7438	4928
6905	4403
7123	4775
4475	3300
6271	3986
4731	3317
7952	4912
8049	4783
6693	4373
7652	4698
7517	4671
4225	2859
7362	4586
7677	4504
7575	4828
8496	5025
7091	4659
7852	4551
8155	4894
4648	3563
6541	3956
7898	4905
8537	5050
8607	4947
8476	4888
8518	4679
8557	5341
8485	5259
7555	5032
5370	3630
8221	4798
7390	4637
5824	3935
6183	4030
6746	4712
7858	4872
7890	5025
8365	5346
5864	4143
8067	4704
7847	4583
7560	4229
7427	4775
8101	5003
7792	4670
7779	4704
8261	5019
7700	4968
6899	4293
7819	4526
7287	4643
4316	3490
8145	4981
7896	5122
8115	5209
7907	4686
5672	3582
8442	4110
7801	4672
7716	4920
7858	4482
8073	4830
8182	4919
7659	4559
7377	4256
7663	4684
6747	4123
8164	4941
7721	4900
6962	4175
7695	4632
7574	4740
8018	5441
7898	4970
8069	4898
7515	4764
7724	4936
6868	4003
7367	4503
6180	4472
8111	5195
7576	4725
7501	4356
8262	4827
8171	5237
8730	5463
8517	5127
8192	4987
7594	4777
8404	5210
7267	4562
5880	4010
7733	4893
7269	4375
7488	4804
7555	4541
8468	5260
7993	4468
8078	4704
7578	5154
4255	3535
8007	4751
7202	4515
7161	4591
5713	3593
7623	5262
8452	5342
7453	5050
7985	4889
8118	4865
8350	5316
3072	3420
7310	4704
7624	4677
8049	4657
5757	3877
6394	4423
7896	4802
7657	4997
7761	4782
8570	5177
6482	4334
6576	4314
7722	4750
7268	4574
8100	4950
7383	4472
7908	5374
7711	4704
7472	4570
7512	4457
7978	5297
8180	5104
7666	4600
8273	5300
6441	3816
7820	4728
5866	3980
4029	3013
7109	4609
6786	4579
8077	5257
7451	4462
8201	5003
7929	4754
8051	4869
7826	5021
7123	4443
3992	2873
7297	4527
7742	4517
6585	4245
5875	3641
3980	2860
7673	4805
7600	4605
6112	4248
8060	4636
5138	3443
7024	4344
6652	4345
7286	4601
5954	3817
6748	4066
6357	3889
5343	3619
7834	4810
5703	3562
6244	3804
6093	3826
8521	5207
7641	4761
2235	3124
6998	4452
6837	4612
8524	5073
7952	4890
7144	4264
7407	4534
6067	3863
6005	4212
7590	5192
5797	3843
7558	4540
5606	3464
7680	4913
8346	5178
8048	4936
6291	4366
7719	4620
7734	4401
7972	5011
8109	5289
7861	4824
3289	3029
7011	4227
8731	5531
5579	3654
8387	5420
7043	4411
5261	3738
7576	4403
7454	4897
7804	4933
7486	4550
7688	4735
7892	4824
7831	4975
7721	4574
6767	4282
7743	4705
8184	5217
7720	5057
7364	4611
7147	4522
8015	4931
3917	3467
4701	3279
4149	2984
7789	4920
6289	4218
5918	3935
7650	4970
8452	5599
8036	5112
7516	4466
5149	3326
7680	4843
5663	3718
8433	4810
6771	4540
6509	3891
8250	4938
7714	4605
7657	4791
8358	4942
5720	3500
7404	4648
7723	4559
7749	4497
7469	4676
7598	4649
7906	4657
5932	3930
7684	4715
7766	4705
8407	4815
8066	4895
8331	4945
8255	4997
7125	4492
6824	4228
8120	4902
7964	4721
7858	4789
6164	3773
7858	4894
5866	4242
6312	3794
7819	5000
8248	5175
8152	4647
6270	4007
8207	5064
7998	4900
7801	4679
4253	3120
7591	4758
7629	4794
7879	5297
7608	4509
7436	4479
7183	4396
7650	4571
7787	4606
7050	4333
7861	4916
7659	4615
8135	4609
8334	5491
8116	4988
5580	3891
6746	4106
7525	4102
7865	5105
8352	5467
6374	4283
7400	4478
7744	4390
7864	4618
6332	4009
7942	4861
7458	4678
7947	4697
6132	4026
6852	4069
8234	5135
5890	3628
7104	4786
7951	4666
6201	4162
7519	4711
7689	4979
7505	4578
7074	4689
6173	3871
8012	4796
6645	4040
6478	4102
7813	4881
7248	4306
8291	5247
5802	3562
5456	3798
5561	3982
8470	4917
7618	5051
6593	4154
7556	5222
7300	4083
8032	5263
7875	5084
8237	5004
7726	5018
8537	5466
6747	4859
8009	5346
3110	3059
8517	5226
6093	4090
5721	3825
7571	4778
7767	4697
6785	4225
6954	4130
6899	4076
7674	5058
7843	4543
6249	4131
8448	5280
7006	4632
7798	4880
8095	4952
4287	3343
7847	5018
7149	4490
7851	5188
4882	3735
8251	4714
3555	3053
8309	5117
8318	4808
4556	3115
6889	4236
8372	5529
8079	4721
5762	4035
7138	4621
8201	5392
7680	4904
7696	4541
7860	4977
7975	4923
8205	5264
4251	3567
6056	4121
7921	5299
6582	4080
8002	4795
5424	3775
6809	4461
7868	4918
7472	4843
5265	3641
8019	4815
8386	5406
6910	4465
6604	4052
8321	8104
7333	4276
7324	4488
4796	3159
4208	2626
7683	4831
7234	4414
7462	4401
7023	4228
7376	4865
7317	4691
8166	5406
8223	8033
8247	4893
8018	5513
6258	3824
7647	4803
7476	4443
4657	3575
8256	5104
8555	5000
8649	5158
7780	4589
8006	4810
8518	5882
7483	4671
7330	4758
7644	4706
7601	4442
7778	4770
7692	4928
6990	4426
7481	4848
4378	3374
5913	4394
6473	3990
7964	4698
5300	3578
8152	4995
8329	5511
8034	5084
7354	4626
7607	4789
8096	5089
8263	5143
7211	4357
6726	4140
7863	5054
7867	5110
7218	4208
8227	5161
6357	4078
8100	4959
7759	4804
7314	4756
7377	4855
7690	4611
5071	3374
7506	4388
4852	3705
8108	5238
6717	3954
8257	5150
6637	4616
5103	3384
7615	5288
6726	4274
7940	4987
8457	5089
7798	5078
7368	4782
7832	4821
6686	3947
5296	3778
7534	4787
7813	5222
6586	4578
5339	3568
5715	3542
5739	3652
7493	4786
7631	4978
6911	4403
5496	3911
7765	4744
6941	4531
8429	5095
7454	4473
4582	2759
7930	4903
7472	5016
6278	3949
7092	4176
6724	4569
8323	5187
8318	5361
8390	5198
7713	4886
7926	4995
7365	4656
7912	5243
3769	3137
7986	5062
6561	4307
7259	4487
8234	4899
7173	4806
7708	4384
8683	5324
5879	3404
7916	4780
7634	4727
7614	4661
8357	5062
8115	4760
7269	4630
8165	5076
8036	5028
7856	4715
6708	4091
7762	4912
5510	3770
7911	4909
7528	4555
7599	4812
6366	4070
5243	3331
7946	5209
8150	4654
8433	5359
7224	4628
8129	5125
7812	4746
7902	5162
7498	4650
7742	4681
8383	5627
8340	5182
5695	3774
5220	3788
7767	4904
7818	4750
8541	5247
7732	4681
7632	4893
7913	4777
7672	4670
8192	4924
7871	4709
8091	4950
7532	4718
8100	4902
8379	5069
7447	4942
8430	5051
7906	5342
7627	4952
4857	3703
7859	4757
6873	4353
8104	5123
7176	4732
7113	4233
3750	3545
8377	5085
6737	4229
7734	4650
7911	4894
8001	4887
7973	4952
8050	5038
7917	4845
7425	5273
8459	4996
7183	4314
5895	4014
8388	5506
7654	4612
7445	4665
8061	4882
7944	4805
8192	4989
5972	3916
7678	4884
4189	3508
6668	4378
7733	4898
4638	3241
8477	5161
7995	5619
3937	2632
7422	4636
7831	4561
8080	4960
7977	4767
6966	4261
8196	5228
7579	4439
8012	4752
8301	5000
7762	4838
7700	4811
6698	4433
6760	4915
5188	3385
8283	5169
7643	4720
8414	5590
8148	4932
7703	5120
7810	4837
7790	4731
6940	4295
6721	3976
8189	5213
7099	4380
8187	5163
8015	5052
7284	4883
7898	5056
7996	5118
7831	5032
7846	4680
6809	4563
8030	4862
7162	4606
4587	3165
7307	4063
7204	4948
8205	5292
7655	4892
5700	3856
6999	4302
7887	4831
5163	3715
8277	5134
6859	4691
7905	5103
7847	5276
7382	4529
5359	3852
7279	4427
7832	4854
8065	5150
7792	4738
7905	5283
7648	4511
7975	5190
7270	4458
2816	2247
8280	4829
7828	4782
7659	4547
6568	4609
4158	3248
8313	4645
7651	4635
8790	5806
8453	5738
7674	4426
8773	4885
8558	5560
8960	5675
6879	4534
5433	4095
7819	5124
7869	5079
8355	5256
7981	4601
9220	5684
6769	4769
9420	5246
8916	5651
9316	5882
8787	5790
8417	5236
8390	5062
7195	4574
6625	4203
9444	6009
9160	5786
9456	6296
9060	5366
9104	5603
5944	4021
8059	4598
8513	5296
3889	3244
9402	5778
8266	5995
8774	5615
8837	4958
6380	4744
8695	5537
8615	5787
6041	3959
8481	5398
8792	5560
9110	5418
9064	5617
7067	4404
8656	5591
8599	5248
8587	5050
8758	5487
8212	5193
9245	5423
7610	4890
8474	5366
8351	4937
7906	4773
8789	5500
9429	6083
8909	5607
8323	5173
8604	5455
9464	5675
7121	4725
8278	5139
8835	5254
6906	4720
8661	5395
8765	5267
9271	6011
9073	5756
9010	5510
9102	5928
9103	5445
8633	5371
9234	5748
7749	4941
8731	5309
8657	5571
6529	4315
8852	5626
5244	3681
9232	5865
7498	4704
7733	5203
7505	4896
8672	5407
6847	4343
8483	5254
8280	5147
9495	5782
8902	5453
8846	5244
9124	5534
8129	5175
8758	5536
6694	4285
5647	3842
7637	4610
7369	4661
8443	5297
6258	4139
8737	5423
7738	4858
8596	5469
9055	5343
8996	5697
8159	5304
9279	5861
8829	5218
3112	2471
8416	5782
8447	5439
8391	4962
9219	5863
6874	4733
8897	5411
8826	5354
8443	5146
8658	5123
9404	5789
8033	5315
7479	4850
8749	5580
8168	5293
9523	5739
8402	5616
9269	5805
8356	5167
8813	5117
8961	5333
8722	5428
8234	5328
8771	5475
4371	3424
9480	5947
8370	5446
8314	5588
9004	5749
9043	5259
8646	5027
9377	5635
9038	5503
9234	5790
8835	5688
8531	5281
7712	4796
9328	5732
9053	5345
8366	4758
7781	4657
6875	4899
9640	6366
9030	5660
7766	4872
7916	4774
9461	5997
9035	5618
8498	5066
5984	3913
9090	5750
8974	5298
9076	5128
8684	5438
9193	5882
8854	5706
5155	3223
8463	4912
7721	5162
8104	5045
8435	5209
8004	5226
8961	5180
8156	5238
8034	5364
8545	5341
5250	3915
7514	4992
7803	5139
8784	5368
8673	5311
8836	5586
8818	5284
8478	4963
8712	5208
9165	5384
8549	4891
8117	5059
8692	5405
4812	3738
8499	5419
9758	5794
8212	5141
8637	5829
8583	5273
8658	5536
7413	4879
9060	5354
4812	3712
6155	4618
8047	4919
6162	3834
4896	3348
6414	4396
8360	5100
4873	2973
7223	4639
8788	5351
8909	5583
7959	5391
8682	5764
6615	4359
9356	5694
8760	5258
7813	4865
5103	3964
7429	4516
8670	5595
8306	5190
5848	4260
6171	4128
5382	3529
3403	2746
4095	3414
8758	5782
9064	5558
9363	5724
9285	5868
9002	6089
9044	5759
9041	5646
8723	5354
8490	5622
8993	5473
9201	5728
7226	4539
6291	4367
9317	4998
8926	5310
4910	3425
8031	5260
8579	5449
8724	5335
7161	4801
8837	5764
7618	4679
6448	4125
8006	4958
8205	5059
9061	5643
7334	4596
8342	5431
9339	5689
7009	4439
8974	5389
9082	5765
8806	5732
8796	5181
8015	5182
8224	5415
7406	4894
9868	5923
9272	5766
5697	4010
7726	5111
8876	5465
8149	5333
8342	5224
8532	5649
8594	5143
8666	4900
9229	5777
7513	5229
7111	4616
8736	5317
8381	4749
6498	4843
7499	4959
8248	5070
8584	5635
8788	5491
6796	4310
8792	5367
5690	3565
5994	3753
7239	5314
9138	5755
7121	4351
9201	6069
9472	5816
8860	5420
7848	4850
8783	5407
8772	5427
8915	5527
8664	5421
4942	3815
8116	4725
8458	5058
9192	5366
6708	4837
7999	5384
7649	4844
7104	4549
5454	3838
9196	5744
9228	5405
8901	5478
8415	5101
7866	4758
8360	5321
9381	5749
6433	4515
8698	5665
8379	5479
8003	5315
7024	4449
9457	5737
9048	5540
7067	4312
7830	5323
8488	5328
8164	4961
9077	4801
8346	5250
8702	5332
8597	5667
9245	5711
8400	5395
7693	5101
8447	5086
6631	4562
8815	5363
7751	5427
8131	4884
7987	4886
3976	3377
8672	5383
8562	5340
6498	4031
7398	5090
8734	6017
8600	5264
9128	5421
8461	5601
8462	5129
9566	5707
9301	5655
8524	5289
8418	5631
8056	5197
5724	3968
8992	6105
8504	5207
8220	4918
5151	3569
8421	5409
7212	4502
7807	4858
4771	3478
9005	5707
7178	4881
8134	5328
8634	5818
6746	4856
8886	5437
9069	5813
5163	3636
8695	5267
9155	5556
8595	5258
8703	5633
4153	3434
8957	5833
8792	5200
7146	4510
9458	5667
7995	5155
4070	2657
8415	5494
9092	5565
4261	3638
8773	5621
9093	5665
8932	5969
8543	4938
8430	5169
5754	3748
8336	5224
5727	3665
9201	5583
9165	5755
8840	5387
9080	5723
7334	4697
8594	5683
6863	4365
9231	5663
8461	5240
8956	5256
6942	4991
8787	5629
8849	5585
8728	5480
8500	5330
7720	5032
8153	4490
9023	5643
9316	6446
8352	5192
6297	4121
5155	3453
9038	4155
7220	4509
8512	5119
8624	5492
9137	5691
8923	5128
8791	5331
9120	5836
7799	4728
8918	5508
9134	5464
9414	6189
9096	5657
9104	11754
7724	4640
4837	3835
8458	5256
7638	4826
8091	5422
6432	4106
9012	5467
8761	5705
8840	5050
8680	5532
8845	5388
9024	5815
6726	4263
6889	4551
8577	5457
7312	4747
9056	5452
9429	6164
8981	5454
6332	4302
8554	5280
7306	4802
8723	5397
8395	5628
7332	5022
9287	5838
8345	5644
7579	5097
6774	4275
9595	6012
8150	4683
8775	5310
7857	4997
7992	4971
5986	4291
7148	5192
9321	6145
9149	5587
8313	5271
8590	5163
8534	5959
8531	5136
8156	5294
8802	5451
8686	5417
4634	3530
9276	5734
8088	5064
8038	4902
9263	5810
3763	3621
8119	5201
8941	5347
8053	5046
8533	5197
5914	3899
9501	5786
8684	5638
7864	5276
6752	4329
7273	5147
9091	5805
8890	5180
8991	5817
6248	4279
6584	4407
8853	5823
6963	4452
8811	5370
9490	5869
8664	5657
8032	5081
7685	5303
9218	5538
8498	5195
8915	5328
8428	5503
8439	5194
9004	5577
9216	5544
7430	4640
9297	5866
6528	4460
8545	5418
9557	5811
8676	5608
9176	5039
8325	5569
6795	3991
9358	5708
7223	4494
7164	4572
5531	3789
9162	6014
9193	5811
8042	4935
8206	5106
9078	5349
9246	5530
8270	5707
7718	4787
9398	6108
8907	5800
7991	4692
7463	4905
8335	4834
8357	4990
8393	5126
9427	5558
8114	5127
6902	4287
8475	5602
8725	5593
7419	4886
8075	5439
9549	6099
9011	5689
8651	5258
9486	5875
8717	5405
7591	4887
8638	5086
7640	5213
8968	5425
8743	5321
8493	5937
5531	3517
7885	5145
8820	5745
7879	5181
9250	5668
6176	4345
9013	5528
8816	5529
9203	5929
4769	3429
8165	4989
9303	6022
9088	5443
8660	5835
9237	6270
8184	5084
7611	5053
6321	4122
7539	4932
6910	4021
7074	4384
8880	5511
9191	5704
8117	5249
7244	4389
8696	5692
7880	5250
9377	5762
8654	5452
8157	5152
8576	5389
5763	3717
8486	5405
8066	4899
6002	4473
4378	2654
8171	4782
4447	3572
9430	6518
9564	6428
9158	5769
9077	5603
5889	3744
8501	5189
8716	5260
8905	5248
8738	5787
9330	6308
7834	4678
8785	5466
9323	6101
8769	4964
6023	4216
4323	3152
9130	5556
8871	5401
9307	5976
5364	4041
8857	5273
8396	5068
8176	5014
8802	5290
8222	5114
8828	5804
8817	4927
7966	5226
7111	4982
7458	4598
5383	4088
9476	5851
8308	5163
8846	5477
8481	5718
9183	5841
8692	5872
8879	5523
8786	5361
8783	5205
9526	5657
6242	4070
8803	5093
7856	4996
8782	5719
6405	3917
7436	4515
8247	5103
8442	5219
8453	5238
9215	5687
9444	5676
7778	4685
7081	4534
8575	5148
7875	4573
6136	4446
8013	5209
8993	5620
8433	5525
8441	5484
6982	4173
9266	5501
9063	5969
8975	5246
9296	5637
8398	5021
6213	4114
8339	5048
8951	5818
8272	5026
7980	5197
7578	5101
8325	5355
8729	5759
8469	5024
7512	4457
5987	4020
6226	4156
7297	5326
6102	4054
8835	5437
5432	3755
8541	5930
7428	4731
6376	3909
9090	5797
8419	4882
8047	5107
8671	6090
3853	3077
8557	4642
8293	5303
9492	5946
8228	5363
9017	5476
7944	5088
4606	3437
8421	5225
9033	4897
8499	5248
9308	5963
7755	4705
8859	5651
8172	4779
9432	5708
8913	5537
9445	6430
8005	4743
7753	4842
9464	5816
7506	4997
9285	5542
8190	5433
7378	4557
5878	4469
8948	6025
8329	5647
8444	5025
8840	5767
8758	5455
8297	5257
5987	4097
8948	5693
8244	5582
8659	5268
8982	5744
8687	5719
9085	6094
6206	4554
8503	5735
8222	5190
8660	5315
5890	3758
9044	6128
6844	4409
9112	5709
7887	5060
8944	5353
8203	4954
5109	3611
8840	5456
8624	5105
7754	4922
7349	4874
7677	4832
8546	5379
8799	5388
5158	3346
8417	5050
8539	5295
6900	4293
9181	5795
8460	4938
9226	5424
6839	4096
9361	5761
7901	4909
8032	4856
8710	5540
8650	5787
9491	5425
5159	3475
8492	4996
9296	5397
7255	4755
8667	5254
9315	5723
6301	4131
8498	5477
7634	5211
4357	3698
8702	5328
8406	5430
8462	5349
8538	6033
4933	3465
8790	5251
9388	6136
9017	5718
9429	6212
8497	5364
9051	5433
8564	5305
8061	4733
9110	5351
8782	5232
8261	5186
7710	5206
6890	4486
8854	5455
9242	5655
5986	3755
7289	4811
8801	5572
8615	5328
8220	5351
7992	5055
9009	5593
7563	5126
6976	4500
9322	5667
8607	5428
4274	3564
9130	5898
7823	4998
8013	5077
8963	5612
4945	3342
8369	5284
8401	4903
8488	5441
8029	5051
8727	5297
8725	5420
8782	5456
6680	4663
8587	5370
6240	4381
7389	4627
9308	5378
8831	5211
8301	5142
9117	5325
9450	5535
6233	4165
8061	4770
7885	4965
9171	5613
9362	5871
8232	5064
7386	4974
8286	5043
8914	5809
9144	5695
8814	5329
8393	5081
8925	5679
8773	5540
8594	5690
8745	5338
8843	5326
6858	4464
6377	4432
7950	5121
9132	5463
7227	4844
7683	4468
8841	5799
8415	5243
5264	4119
9203	5855
8921	5408
9106	5525
8185	5279
9204	5988
8669	5511
5156	3741
8234	5351
8830	5426
7009	4548
4625	3429
6637	4345
8746	5722
6252	4292
8355	5121
9017	6225
8637	5414
8762	5454
7228	4855
9154	5707
8325	5159
8657	5066
8076	5516
8931	5235
6603	4539
8773	5353
6215	4191
8584	5358
8942	5781
6948	4611
9142	5534
8471	5064
8676	5504
8482	5463
8926	5078
5241	3571
9123	5428
7843	5424
8554	5353
9454	6173
8946	5816
8844	6284
9049	5492
9315	5783
8504	5235
8115	5146
7885	5013
5762	3802
8656	5612
8054	4298
9310	5662
8408	4894
6873	4377
9008	5841
8157	4975
5449	3819
5549	3527
9164	5663
9525	5935
8777	5473
8534	5262
6725	4617
5460	3946
8560	5283
8282	4947
4530	3818
8472	5551
8496	5344
9304	5936
8647	5806
9143	5800
7073	4950
8599	5707
7745	4916
8528	5269
9178	5478
9242	6417
8194	5148
9626	5472
8955	5871
8091	4930
7847	5355
7125	4522
5423	4097
8506	5651
8615	5367
9125	5797
9457	5782
8651	5900
8487	5165
8473	4959
8194	5429
8615	5125
8565	6133
3596	3403
8503	5225
7821	5291
7436	4466
6878	4099
9161	5655
8407	5588
8944	5515
8065	4986
5862	4047
8212	5760
7113	4248
8160	5010
9367	5547
8676	5296
9152	5668
9246	5523
9282	5369
8702	5102
9220	6326
8433	5292
4390	3919
2621	3008
6326	4094
9014	5717
8223	4854
9054	6025
8154	5208
7345	5041
9048	5460
7700	4833
9372	5644
6377	4210
8299	5610
7987	4779
8283	5017
8631	5141
9047	5374
8598	5005
9024	5690
8615	5429
8091	5525
8408	5527
6870	4698
6641	4591
6061	4274
8406	5864
5395	3799
6467	4368
8573	5029
9141	5699
9521	6245
8750	5305
7501	5120
5121	3538
9527	5867
8611	5788
8937	5410
8569	5506
8818	5886
9256	5660
8744	5463
6803	4769
8592	5532
