0	0	12	703
0	1	12	546
0	2	12	543
0	3	12	546
0	4	12	544
0	5	12	545
0	6	12	504
0	7	12	469
0	8	12	461
0	9	12	467
1	0	4588	109488
1	1	4588	102760
1	2	4588	102725
1	3	4588	103695
1	4	4588	103851
1	5	4588	103809
1	6	4588	103346
1	7	4588	103587
1	8	4588	103035
1	9	4588	103500
2	0	65	2118858
2	1	65	2123755
2	2	65	2124500
2	3	65	2125424
2	4	65	2124782
2	5	65	2124522
2	6	65	2124502
2	7	65	2125068
2	8	65	2129361
2	9	65	2125938
3	0	206	48030
3	1	206	47482
3	2	206	47459
3	3	206	47423
3	4	206	47479
3	5	206	47442
3	6	206	47458
3	7	206	47447
3	8	206	47441
3	9	206	47460
4	0	956	840699
4	1	956	838183
4	2	956	838300
4	3	956	842168
4	4	956	839304
4	5	956	838376
4	6	956	838220
4	7	956	838029
4	8	956	838133
4	9	956	838465
