0	0	12	1446
0	1	12	427
0	2	12	418
0	3	12	411
0	4	12	416
0	5	12	411
0	6	12	447
0	7	12	416
0	8	12	410
0	9	12	407
1	0	4588	114247
1	1	4588	107501
1	2	4588	110974
1	3	4588	106577
1	4	4588	113893
1	5	4588	135282
1	6	4588	128414
1	7	4588	110484
1	8	4588	113790
1	9	4588	115651
2	0	65	2279815
2	1	65	2227703
2	2	65	2172393
2	3	65	2102821
2	4	65	2099882
2	5	65	2101632
2	6	65	2109664
2	7	65	2118399
2	8	65	2126596
2	9	65	2129608
3	0	206	72633
3	1	206	66671
3	2	206	69773
3	3	206	68583
3	4	206	68673
3	5	206	68569
3	6	206	68925
3	7	206	68708
3	8	206	70112
3	9	206	70453
4	0	956	929435
4	1	956	819913
4	2	956	832299
4	3	956	823026
4	4	956	830637
4	5	956	838374
4	6	956	823480
4	7	956	820389
4	8	956	820724
4	9	956	824426
