0	0	12	411
0	1	12	417
0	2	12	410
0	3	12	406
0	4	12	414
0	5	12	409
0	6	12	411
0	7	12	407
0	8	12	419
0	9	12	408
1	0	4588	94684
1	1	4588	94505
1	2	4588	105959
1	3	4588	92695
1	4	4588	110171
1	5	4588	91165
1	6	4588	88336
1	7	4588	92303
1	8	4588	92534
1	9	4588	91350
2	0	65	851975
2	1	65	848019
2	2	65	824125
2	3	65	831362
2	4	65	842782
2	5	65	826736
2	6	65	833645
2	7	65	827711
2	8	65	816798
2	9	65	824162
3	0	206	46977
3	1	206	50552
3	2	206	50897
3	3	206	49146
3	4	206	49479
3	5	206	46563
3	6	206	47141
3	7	206	51029
3	8	206	46215
3	9	206	46061
4	0	956	852113
4	1	956	852469
4	2	956	856981
4	3	956	847630
4	4	956	854747
4	5	956	859921
4	6	956	848156
4	7	956	849577
4	8	956	848370
4	9	956	845887
