0	0	12	1529
0	1	12	433
0	2	12	437
0	3	12	433
0	4	12	428
0	5	12	429
0	6	12	430
0	7	12	449
0	8	12	426
0	9	12	428
1	0	4588	90741
1	1	4588	80940
1	2	4588	85149
1	3	4588	87701
1	4	4588	84467
1	5	4588	83919
1	6	4588	84781
1	7	4588	84574
1	8	4588	89263
1	9	4588	85271
2	0	65	1535711
2	1	65	1342325
2	2	65	905131
2	3	65	1057791
2	4	65	777570
2	5	65	901417
2	6	65	905251
2	7	65	881080
2	8	65	978939
2	9	65	802749
3	0	206	28420260
3	1	206	26577663
3	2	206	25872215
3	3	206	26163338
3	4	206	27701367
3	5	206	25929692
3	6	206	25813002
3	7	206	25783680
3	8	206	25743143
3	9	206	25858420
