0	0	980	27673915
0	1	980	27634528
0	2	980	27693827
0	3	980	27592915
0	4	980	27624156
0	5	980	27397870
0	6	980	27596599
0	7	980	27609268
0	8	980	27443457
0	9	980	27307222
1	0	29222	228640
1	1	29222	196832
1	2	29222	202684
1	3	29222	198858
1	4	29222	201523
1	5	29222	202340
1	6	29222	199206
1	7	29222	199336
1	8	29222	201171
1	9	29222	199302
2	0	4601	380933
2	1	4601	309308
2	2	4601	309075
2	3	4601	309148
2	4	4601	311389
2	5	4601	309807
2	6	4601	309009
2	7	4601	309580
2	8	4601	310091
2	9	4601	311004
3	0	654	2756939
3	1	654	2780199
3	2	654	2656574
3	3	654	3079751
3	4	654	2779019
3	5	654	2710037
3	6	654	2795360
3	7	654	2759258
3	8	654	2771246
3	9	654	2711565
4	0	302	122046
4	1	302	74896
4	2	302	75278
4	3	302	74672
4	4	302	76187
4	5	302	73853
4	6	302	76821
4	7	302	72969
4	8	302	76537
4	9	302	71075
5	0	2342	6074
5	1	2342	2819
5	2	2342	3295
5	3	2342	2636
5	4	2342	2568
5	5	2342	2578
5	6	2342	2574
5	7	2342	2545
5	8	2342	2569
5	9	2342	2565
6	0	80	2478
6	1	80	1240
6	2	80	1209
6	3	80	1208
6	4	80	1222
6	5	80	1213
6	6	80	1210
6	7	80	1216
6	8	80	1209
6	9	80	1209
7	0	270	208152
7	1	270	169276
7	2	270	171890
7	3	270	168024
7	4	270	168837
7	5	270	168993
7	6	270	168731
7	7	270	168799
7	8	270	168795
7	9	270	168969
8	0	240	604
8	1	240	367
8	2	240	362
8	3	240	361
8	4	240	357
8	5	240	358
8	6	240	354
8	7	240	355
8	8	240	356
8	9	240	350
9	0	17492	96442
9	1	17492	65932
9	2	17492	66082
9	3	17492	100222
9	4	17492	100975
9	5	17492	92738
9	6	17492	68121
9	7	17492	81459
9	8	17492	67870
9	9	17492	67030
