0	0	980	436041177
0	1	980	379389521
0	2	980	416241720
0	3	980	380695606
0	4	980	379747187
0	5	980	382288152
0	6	980	384443492
0	7	980	383528366
0	8	980	374371832
0	9	980	374557275
1	0	29222	389625643
1	1	29222	405000386
1	2	29222	428288452
1	3	29222	412605621
1	4	29222	429744851
1	5	29222	414268017
1	6	29222	419380135
1	7	29222	396513628
1	8	29222	416890695
1	9	29222	424330836
2	0	4601	0
2	1	4601	0
2	2	4601	0
2	3	4601	0
2	4	4601	0
2	5	4601	0
2	6	4601	0
2	7	4601	0
2	8	4601	0
2	9	4601	0
3	0	654	112155270
3	1	654	129709606
3	2	654	121900776
3	3	654	129502546
3	4	654	136315740
3	5	654	133941674
3	6	654	132232179
3	7	654	131013461
3	8	654	128648837
3	9	654	129559091
4	0	302	379911111
4	1	302	385743130
4	2	302	382295779
4	3	302	390800935
4	4	302	396333350
4	5	302	398387545
4	6	302	402177774
4	7	302	405968002
4	8	302	409758230
4	9	302	413548459
5	0	2342	77863529
5	1	2342	73944008
5	2	2342	73854353
5	3	2342	71778454
5	4	2342	74733000
5	5	2342	74555249
5	6	2342	72668668
5	7	2342	74749448
5	8	2342	73946595
5	9	2342	73896958
6	0	80	1687795
6	1	80	1647785
6	2	80	1932669
6	3	80	1872392
6	4	80	1863880
6	5	80	1934572
6	6	80	1851106
6	7	80	1841303
6	8	80	1838499
6	9	80	1921781
7	0	270	489197104
7	1	270	540487898
7	2	270	544342954
7	3	270	487562925
7	4	270	504091830
7	5	270	538760344
7	6	270	491334992
7	7	270	511120430
7	8	270	506340725
7	9	270	488480030
8	0	240	405848427
8	1	240	357636326
8	2	240	360602987
8	3	240	360866943
8	4	240	353159156
8	5	240	362655726
8	6	240	360716451
8	7	240	359176545
8	8	240	363148077
8	9	240	363366222
9	0	17492	875304307
9	1	17492	920005297
9	2	17492	861536783
9	3	17492	871847938
9	4	17492	864964176
9	5	17492	858080414
9	6	17492	851196652
9	7	17492	844312890
9	8	17492	837429128
9	9	17492	830545366
