0	0	5	317
0	1	5	163
0	2	5	169
0	3	5	168
0	4	5	169
0	5	5	170
0	6	5	169
0	7	5	166
0	8	5	170
0	9	5	166
1	0	4065	66081
1	1	4065	65008
1	2	4065	64634
1	3	4065	64401
1	4	4065	64426
1	5	4065	63548
1	6	4065	63568
1	7	4065	63926
1	8	4065	63740
1	9	4065	63566
2	0	55	5401402
2	1	55	5479284
2	2	55	5566613
2	3	55	5646700
2	4	55	5741556
2	5	55	5821511
2	6	55	5892972
2	7	55	5922374
2	8	55	5956658
2	9	55	5975479
3	0	186	32578
3	1	186	32212
3	2	186	32296
3	3	186	32219
3	4	186	32183
3	5	186	32155
3	6	186	32181
3	7	186	32220
3	8	186	32251
3	9	186	32196
