1024	397
322	258
1634	264
1132	258
1159	254
761	235
1141	253
1435	271
1687	301
1732	292
1219	248
1203	262
1153	267
1348	256
1279	256
779	235
989	231
1559	273
859	220
941	289
1692	298
1015	233
1410	313
972	227
1035	241
1649	277
1534	298
981	228
977	239
1234	244
1802	252
1444	241
1690	288
1540	269
979	214
1612	287
1519	271
1699	270
975	235
1295	262
1072	272
1590	290
1247	246
1004	224
253	244
908	222
921	224
1453	266
961	221
532	253
1131	238
795	229
1933	305
1165	238
1342	258
1693	273
648	233
1454	251
755	239
966	224
994	248
1737	295
869	235
766	239
1874	299
681	239
1458	275
1131	259
955	235
946	246
1032	238
1733	264
972	215
1530	258
1078	237
1150	224
1045	214
1265	235
761	221
999	212
1676	273
900	231
498	222
1590	253
1189	225
1033	241
1405	249
1163	221
1251	246
1674	259
1290	231
766	225
1637	263
1281	262
1187	223
1151	216
1343	258
979	221
1059	225
1220	228
1768	279
947	225
1569	263
1073	222
1090	214
831	238
1068	227
1030	219
1042	234
1097	215
1201	219
1736	255
1244	233
1209	235
1775	270
981	220
1870	268
722	241
1319	243
1003	229
1450	240
1664	261
1759	257
1055	223
1226	228
1036	235
1131	215
1242	260
1258	230
1672	257
1634	267
1559	259
913	236
726	227
1513	258
1085	222
1596	267
1802	258
1110	216
982	231
1413	250
1429	309
1193	224
1210	225
1030	226
1557	256
911	224
1328	228
692	234
1545	262
1171	222
1161	220
1024	246
1597	258
1295	232
1582	259
719	217
807	230
1410	248
1353	257
1012	222
1449	248
1256	256
1270	241
1116	236
1470	234
1065	252
1726	264
1153	228
1108	223
1218	235
1039	223
953	225
1228	233
936	228
1377	243
1082	217
1105	213
1069	229
1087	219
1205	228
763	232
1119	300
955	226
784	230
1115	218
1622	283
1957	277
1494	253
1125	230
1678	256
522	234
780	261
1468	251
1151	227
1212	229
1535	279
810	249
1495	259
1148	228
1149	226
969	234
1339	260
973	227
1155	242
1056	222
995	244
861	228
1440	250
1479	245
1209	234
1287	229
1037	230
1315	250
1283	267
1044	229
1628	268
1236	264
590	215
1220	248
1201	229
964	221
1205	220
1449	241
1044	259
1280	247
1111	218
1058	221
1361	245
1005	232
1726	251
1819	259
1556	244
1106	229
997	228
1318	232
856	231
1017	248
986	212
1744	269
1670	260
1394	249
649	237
1274	231
1440	250
1017	223
1004	218
1363	229
1358	244
1312	230
1041	227
1029	228
1223	265
1134	227
1000	225
792	226
1437	232
1408	239
1185	220
1788	256
1367	249
817	228
1067	245
1889	283
1836	263
1162	224
1501	264
1829	266
958	233
879	229
1722	256
1130	230
1003	223
974	225
1005	240
1609	251
1054	215
1493	260
1102	218
1034	218
1045	219
1334	225
1145	229
618	234
1846	285
1389	248
1619	263
690	254
1631	239
949	233
872	254
1123	218
1295	239
728	233
1789	276
1074	252
1223	227
1091	221
1102	220
1367	231
1372	237
1139	221
1020	249
970	229
1188	258
959	214
908	231
1657	260
717	229
1525	251
1437	255
953	227
877	217
772	230
1590	253
826	236
1702	248
1927	271
1815	272
1036	227
1291	228
1775	272
1501	243
1098	222
1222	239
1504	259
1175	229
1029	212
1263	229
1096	254
1168	232
1092	235
1285	262
1733	268
1341	251
1533	268
1541	264
1523	258
1127	235
1058	228
1031	275
1727	256
488	224
1356	244
1587	261
811	209
1195	226
1070	223
1078	229
515	226
929	222
922	264
664	241
1242	236
1084	213
1238	227
1182	216
1436	245
1124	217
1597	263
1045	230
1469	248
1416	246
1711	262
1314	243
1246	229
918	253
1534	262
1183	225
1080	242
983	223
1592	256
989	254
1385	227
1038	223
1264	232
1212	217
1803	253
1203	250
1210	244
999	226
1744	254
994	224
1375	252
1565	262
1530	253
1563	255
1135	222
1295	246
918	225
876	238
1420	250
1276	227
1169	244
504	241
1374	257
1141	229
1334	240
1100	228
1848	255
731	224
1223	225
1636	258
1190	243
1264	233
1258	225
847	228
1049	219
890	224
722	222
1373	249
1378	234
1381	234
1398	250
985	238
1434	247
1867	258
1748	265
1564	249
1006	211
1857	299
1506	260
1009	231
1167	227
874	228
1066	217
1449	267
1500	244
1083	229
896	213
1499	249
1404	243
1198	237
1356	264
1424	265
1734	266
1284	240
1430	239
997	230
1465	249
1481	258
1418	234
1367	229
1197	237
1867	258
1560	248
1306	266
1302	225
1483	253
1208	248
1404	247
1642	261
1548	275
987	208
1198	233
902	234
664	221
1753	264
1141	216
1041	217
1091	231
1193	237
1078	222
1137	218
1298	229
1119	235
916	232
1482	251
1786	273
1000	221
1252	222
1536	241
1225	231
884	265
1178	266
1134	220
1380	231
1029	222
1006	240
968	214
1288	221
1461	243
1227	221
1735	282
1184	225
1256	243
1054	225
1500	252
1465	245
1359	234
1557	244
1605	251
1421	238
1708	263
843	241
1439	241
1498	259
1403	238
1441	238
1211	237
1609	267
1393	247
1663	255
1012	220
579	213
1410	234
1787	278
1058	229
1940	281
924	221
945	223
996	225
1088	219
1681	255
1458	269
1167	224
1155	241
1249	240
1900	271
777	216
1669	266
1323	228
792	212
962	223
1183	231
1354	228
958	214
1255	259
949	212
1313	231
1718	270
1313	231
1569	236
1280	229
1198	193
1041	217
861	227
1541	252
733	238
1301	230
822	227
1151	219
1359	247
1414	260
1433	241
1660	265
1020	213
1207	227
835	221
1789	257
1696	274
915	224
919	210
1349	252
1403	260
1328	242
996	226
1799	269
1225	230
1512	248
970	224
1637	258
870	243
1382	241
1069	224
1241	250
1294	234
1025	225
963	236
1112	228
1588	244
1535	259
1623	257
1921	274
1176	222
979	230
1400	236
1072	229
1552	253
990	221
1030	230
956	225
1109	221
884	227
965	221
1001	255
822	226
868	232
970	227
969	227
1059	217
1099	224
1136	216
1003	216
1038	215
984	230
1128	234
1427	231
1107	209
1146	227
666	218
1631	255
1757	259
1479	270
1119	222
1706	263
1427	241
1548	261
1257	226
1444	238
1394	243
1495	249
1291	257
651	195
1383	241
1079	218
1227	257
1487	238
1754	267
1617	245
856	211
1414	236
645	234
779	225
1620	265
930	231
1947	261
1147	218
963	255
1071	222
1342	240
1141	227
876	215
1214	255
1047	232
1369	244
962	222
1610	263
1343	244
978	220
1641	279
1112	220
1812	262
617	211
1971	280
853	236
1660	265
1368	275
1124	232
1088	219
907	236
1707	263
1452	245
1573	302
1434	256
878	223
1114	217
1278	230
1438	251
1637	245
1075	214
1579	258
1452	246
1066	219
958	216
1253	228
1580	259
1385	241
1723	258
840	224
1324	241
1734	262
1578	262
538	230
1354	267
1138	224
1247	262
1792	262
986	220
1182	223
861	227
802	228
845	228
1134	221
1237	228
1818	267
982	218
1279	258
1341	231
1077	216
1553	253
1112	225
1059	222
812	221
1497	254
872	214
1198	255
1542	265
1241	230
1139	220
1383	238
1323	233
1272	268
1400	230
1161	217
899	233
1101	244
1200	226
1296	263
1035	218
625	228
1475	262
1571	276
1447	255
1632	265
1071	221
699	215
1169	250
1028	193
1134	231
970	232
1180	221
1135	219
1028	223
1546	264
1223	272
1247	241
963	223
1900	266
1114	228
1328	229
1593	268
1133	222
1141	219
1020	224
1203	227
1006	217
1036	227
966	227
1160	225
1575	252
1038	213
877	223
1034	216
1105	223
1273	240
1091	220
1768	255
1640	269
1750	277
1593	263
1550	257
993	226
1310	229
1131	247
1140	232
1248	246
1793	273
925	223
1504	245
1327	247
1013	235
1486	250
1228	233
1008	216
1644	260
1468	256
1097	218
1377	269
1724	268
1118	267
1311	230
1907	274
1536	262
1220	224
1105	216
719	228
912	226
979	224
1889	268
1009	226
1028	211
798	219
1783	271
1072	232
927	216
837	225
1241	222
999	227
1004	221
1504	251
1636	257
1355	252
959	225
1075	234
1178	233
1473	256
1024	222
1542	251
1466	239
1017	244
1674	267
1297	231
1267	223
837	225
426	213
1630	265
1207	240
1694	277
1774	271
1459	250
1067	222
755	222
1243	233
1112	230
1199	227
1214	242
1454	247
1149	233
1079	229
1240	230
1527	257
1801	276
978	227
1448	233
1299	244
1073	216
1398	231
893	249
1073	221
1168	220
1578	254
733	230
1389	258
733	215
930	218
1642	258
1684	260
1240	250
1131	221
1020	226
936	246
1316	232
1547	277
1623	262
1016	395
1155	229
965	232
1132	221
808	211
977	225
1244	228
1032	218
1606	261
1141	225
1536	236
1243	263
1692	257
1057	226
1476	241
1422	265
1444	261
1357	271
1069	269
1132	221
976	228
878	214
1159	217
875	219
1544	262
1144	254
1373	240
1046	219
1206	220
1029	234
1538	249
1145	214
562	209
1367	231
994	220
968	257
1499	249
1557	280
1412	233
1164	226
1181	228
1020	226
1036	213
1086	230
1209	219
1012	216
954	201
671	218
1161	238
835	263
1479	262
1515	256
1354	231
1478	255
1429	262
1660	265
1143	233
1884	262
1466	242
1568	257
1148	229
1516	250
311	237
983	248
1091	259
953	213
1281	240
1493	255
1119	251
523	223
1850	288
1306	262
1584	266
1735	264
1023	221
1154	225
721	216
1559	255
1623	251
506	230
1625	256
1051	224
893	223
1314	253
852	208
1223	249
1235	229
1649	267
1140	244
1865	265
992	222
1745	262
976	230
1438	234
1728	268
1166	218
1128	216
1133	234
1458	254
597	270
1870	261
1199	211
933	277
1490	250
1066	223
1048	228
1517	249
1259	250
1399	263
1104	221
854	213
1665	271
973	212
1758	255
1615	259
1295	229
1096	224
1033	217
1130	223
1181	241
1050	235
1028	225
899	247
1167	230
1136	245
830	223
1008	229
1005	259
769	224
805	251
1274	255
1038	218
882	226
1573	265
1015	217
1346	258
1002	253
1042	224
1840	257
1716	251
936	213
1059	223
1779	268
1063	228
1360	228
1661	262
1649	253
1354	230
994	219
1557	261
1315	231
1229	215
1518	254
1431	245
776	224
2368	311
2709	354
2060	273
2135	284
1915	281
1941	285
2088	287
2099	318
1762	279
1751	286
2365	311
2013	306
2172	291
2117	289
2695	326
2109	275
2279	309
1896	283
2453	315
2372	311
1725	281
1984	273
1432	269
1887	282
2216	295
2212	300
2121	283
2326	301
2240	305
1660	281
2084	320
2231	333
2370	318
1991	290
2518	339
1981	284
2324	308
2122	297
2590	327
2860	337
2131	281
2145	316
1911	280
2468	319
2029	306
2933	342
1621	282
1910	282
2679	323
1957	286
2425	311
1905	315
2220	303
2379	309
1692	280
2391	299
2536	321
2066	281
2232	293
2624	344
2317	293
1688	294
2131	300
2139	307
2242	298
2667	332
2298	313
2447	304
1825	334
1830	326
2857	336
2100	319
1883	304
1721	288
2834	339
2761	325
2180	295
2654	335
2488	321
2376	309
2020	280
2301	306
2387	304
2419	318
2348	300
2546	325
2332	315
1290	289
2673	332
1901	271
1925	292
2218	301
2205	317
2678	332
2168	279
2206	292
2158	287
1981	297
2521	319
2763	327
1874	274
2313	336
2095	348
2868	337
1981	320
2875	336
1836	281
2319	319
2042	281
1754	320
2013	285
2668	318
2586	324
1777	270
2536	324
2155	296
1714	285
659	281
1491	284
2028	290
2443	303
1993	287
1215	283
2259	341
2551	314
2539	308
1944	277
2402	331
2023	286
2866	341
2049	308
1923	279
2035	274
1845	269
2283	292
2598	326
2433	306
2041	286
2741	332
1336	326
2142	311
701	289
2452	311
2435	344
2239	291
2658	327
1894	274
2544	320
2265	321
1522	293
2042	278
2127	289
2245	317
2150	332
2417	308
2078	310
2141	323
1401	313
810	330
1885	273
2298	315
1812	285
2554	354
1677	266
2335	291
2450	303
2141	288
1222	348
2878	344
2746	343
2023	273
2662	331
2076	291
1995	288
2597	319
2210	311
2521	297
1997	273
1590	291
2406	314
1860	297
2470	318
1813	296
1565	310
2456	312
2138	284
2228	299
2161	303
2750	331
2171	327
1115	267
1964	268
1988	271
2185	280
2350	331
2389	297
2425	315
2148	291
2496	296
2146	319
2071	280
2079	312
1694	324
1811	302
2399	311
2479	311
2162	290
2184	297
2146	287
1945	282
2412	306
1835	292
1828	282
2049	286
1876	276
2265	291
2218	293
2126	286
2148	284
2752	381
1951	284
2096	293
2438	297
2016	276
2216	290
2397	313
2790	340
2341	300
2615	325
1506	298
2593	322
2420	327
1926	286
2718	333
2005	271
2301	283
2188	313
1948	288
2266	293
1720	332
2183	315
1492	276
2651	322
2389	308
2304	297
2772	326
2494	327
2444	321
2442	295
2035	274
2178	300
1384	303
2041	287
1851	292
2752	333
2523	342
1643	271
2687	329
2074	293
2192	323
2232	290
2778	329
2040	294
1755	297
1647	314
2118	286
1843	281
1932	328
2173	315
2126	296
1916	276
2682	325
2450	311
2087	334
2349	318
2397	318
2031	280
1104	304
2499	305
1945	294
1657	285
2276	291
1816	270
1965	263
2757	330
2770	331
2188	287
2015	362
1691	285
2061	303
2617	321
2066	287
1885	279
2135	286
2707	344
1678	271
2353	311
2918	336
1948	287
2031	317
2346	323
2186	288
1653	327
2177	296
1941	279
2034	285
2732	335
1954	335
1432	274
2224	316
1847	310
2052	295
2370	320
1917	280
2700	329
2003	306
2202	339
1961	286
1506	296
2211	297
2005	280
2032	278
1256	267
2180	302
2385	302
1887	290
1941	272
1769	310
2481	342
2637	331
2816	349
2226	282
2139	270
2652	332
2721	333
2210	289
2437	317
1479	288
2443	350
2625	346
2757	329
2455	306
2085	287
2077	309
1779	289
2119	279
2438	300
2081	309
2019	317
2653	345
2145	298
1930	292
2169	289
2724	331
2939	347
2039	291
1941	311
2253	309
2247	298
2261	293
2137	301
549	287
2257	297
1631	350
2477	312
852	298
2203	290
1936	288
1995	291
2621	320
2371	299
2194	312
2135	308
1626	274
2092	285
2271	322
1916	273
2220	249
2715	319
2629	321
1579	266
2131	298
2094	292
1767	330
2133	263
2734	340
2838	338
2363	296
2266	295
2612	302
2789	347
868	284
2301	313
2030	299
2629	261
2495	311
2090	301
1952	276
909	319
2302	303
2105	323
1961	283
1948	303
1663	293
2362	300
2131	291
2061	280
1992	286
1850	287
2618	325
2408	309
1967	288
1751	294
1998	279
2157	313
1915	271
1853	288
2793	337
2145	338
2056	288
2376	328
2644	328
2826	329
1712	331
2271	299
1998	278
2328	314
1890	286
2612	314
2731	353
1530	284
2173	293
2020	291
2235	288
1491	288
2003	288
2620	342
2082	281
2075	268
1263	267
2237	279
2156	298
2039	283
2656	353
2389	342
2171	312
2199	290
2081	299
2069	287
2677	327
2688	331
2148	280
2759	341
1899	281
2289	292
2006	299
2025	274
2040	280
1788	294
1746	298
2045	282
2804	341
2371	300
1998	324
2457	310
1688	289
2291	312
2755	336
2130	289
2890	339
1993	282
2661	326
2132	281
1366	269
1786	299
1784	285
1947	284
2009	281
2742	339
2053	293
2562	328
2231	294
2569	345
1984	319
2076	280
1220	286
2729	336
2449	312
1789	274
2092	291
1650	283
2279	294
1998	272
2026	291
2675	316
2074	313
2191	291
2815	330
2160	291
2012	284
1241	311
2828	339
2776	337
2216	307
1961	280
1957	320
2636	339
1796	294
2226	306
2307	338
2595	317
2725	318
1748	296
1952	297
1916	272
2430	332
2540	312
2407	301
2183	313
2506	314
1932	307
1647	283
2293	307
2075	304
2093	275
1229	314
2698	746
1658	283
2031	316
2057	292
1900	320
2356	311
2562	319
2341	307
2151	286
2513	305
2335	296
2024	279
1972	270
2252	291
1996	284
2090	292
1537	304
2680	339
2696	345
2080	300
2717	354
1796	309
2385	312
2250	301
1983	285
1973	277
2068	303
2076	276
2232	340
1888	283
1915	280
1473	298
2745	329
2107	298
2169	291
2574	304
2333	318
2647	328
2372	304
2000	284
2429	326
2264	302
2875	327
2238	295
2647	317
2635	342
2274	311
1800	302
1021	291
2305	293
1797	293
2290	307
1968	279
2731	337
1648	290
2311	297
1749	301
2550	318
2299	293
2603	329
2867	340
2120	288
2311	303
2460	310
2355	298
648	288
2206	296
2246	294
2358	298
2431	335
2453	336
2267	312
2326	321
2081	280
1528	307
2111	316
2438	314
1681	320
2040	296
1512	341
2391	312
1599	298
2092	305
2135	303
2247	306
1657	302
1130	267
2737	336
1380	290
2708	329
2490	320
2497	306
2508	330
2518	337
2152	302
1833	288
2155	283
1003	291
2213	300
2850	336
2059	283
2597	318
2844	344
1627	329
1733	286
2197	327
1990	273
1689	281
1952	295
2041	283
2428	326
1624	285
2007	290
2120	332
2164	293
1963	277
1900	273
1937	284
1916	273
2143	302
2166	304
2494	316
1383	301
2219	308
1813	356
2099	307
2158	309
2042	291
2310	301
2005	273
2483	295
2938	341
2348	331
1634	289
2413	304
2327	301
2431	327
1225	314
2319	302
2099	304
2918	340
2091	275
2202	307
2465	304
2828	338
1807	329
2538	340
2149	292
1803	292
2191	310
1737	277
2772	330
2420	322
1727	274
2389	309
2347	307
2256	297
1822	298
2298	299
2302	316
2652	321
2789	334
2056	294
2145	290
2088	286
1847	271
2491	327
2488	316
1622	284
1633	339
2303	293
1979	270
757	341
2174	290
2428	304
1962	287
2083	300
2201	285
1024	290
2113	279
1646	287
1131	291
1589	298
1211	323
2733	341
2528	320
2191	358
2527	341
2597	327
1972	296
2450	313
2063	286
2643	310
1991	287
1798	290
2458	323
1765	267
2795	330
2128	320
2189	286
2131	308
1928	270
2782	346
2376	303
1878	278
2374	290
1163	297
2509	317
2010	282
2031	287
1582	291
2872	347
2063	281
2276	325
1976	282
2718	348
2230	305
1788	288
2087	278
1861	307
2058	286
2661	313
2810	344
1629	303
2490	313
1936	288
2207	290
2252	297
1896	297
2758	342
1189	288
1309	339
2814	339
2684	339
1972	278
1180	330
1891	294
2915	341
1575	283
1826	289
2463	317
2648	340
1833	296
1393	302
1118	296
2846	337
2641	322
2672	337
2042	283
2188	300
2747	330
2111	286
2053	294
2488	355
2391	300
2335	313
1001	286
2020	280
2211	296
2603	320
2129	300
2002	283
1878	307
2267	303
1858	299
1266	291
2143	294
1842	299
2658	324
1834	282
2649	332
2507	305
662	293
2133	292
2302	303
1002	274
1430	279
2075	293
2591	330
2156	319
2050	312
2567	350
2567	341
2871	341
2396	313
2457	346
2438	302
2031	289
2043	321
2121	301
2244	305
2797	333
1967	267
2681	319
2481	331
1791	282
1661	306
2337	317
2387	313
2541	319
2624	312
2192	299
2507	309
1524	281
1155	284
2547	331
2095	293
2018	283
2349	316
2434	301
2201	301
2839	342
2046	289
2110	278
2313	300
2299	296
1487	315
1521	265
2136	282
1929	280
2812	340
2553	322
2415	300
1936	271
2276	300
2481	324
2025	298
1984	280
1824	278
2474	306
2051	291
2491	328
2596	352
2361	333
1550	293
2679	342
1600	305
2363	296
2595	338
2512	319
2253	286
1626	277
2065	315
2305	300
1674	306
2061	283
1982	295
2486	325
1375	350
1260	302
2251	288
1655	273
2492	308
2043	280
2096	284
2045	298
2549	329
2187	284
2492	317
2618	330
2011	273
2249	340
2007	278
2567	329
2482	333
2416	304
2657	341
2244	316
2667	346
2480	311
2266	318
2101	275
2883	331
2598	359
2626	336
2727	322
1790	292
2013	269
2543	316
2585	331
2519	333
958	302
2116	296
2449	335
2704	324
1285	298
1887	294
1699	277
2436	328
1954	278
1554	324
1995	329
2040	314
1615	332
2525	305
2643	317
2743	336
2925	357
2490	328
2209	289
2329	299
1854	287
2020	277
1837	305
2667	383
2225	299
1626	291
1824	285
1968	265
2106	284
2435	312
1698	283
826	274
2907	347
1451	313
1900	278
1987	289
2204	288
1545	277
1755	280
2583	321
2145	300
2615	347
2717	348
2302	331
2228	301
1328	322
2128	281
2381	311
1877	273
2381	301
2067	345
2248	336
1389	340
2038	314
2339	348
2023	322
1636	391
1948	280
2216	232
2623	353
2457	364
1830	323
2443	350
2623	351
968	310
1877	305
1816	272
2153	310
1785	310
2022	274
2714	328
2036	280
2394	302
1557	287
2556	326
2637	328
2106	282
1989	268
2515	325
2487	332
1919	280
2347	305
2365	315
2465	315
2469	309
1874	273
1876	277
1292	347
903	334
1473	279
1869	290
2293	312
1931	286
3029	427
3104	368
2697	406
3441	393
2428	365
3170	373
3290	386
1615	367
2901	343
3568	412
2893	375
3407	390
2902	378
2763	352
3562	402
3543	394
3266	380
2991	390
3409	391
3147	363
2248	406
2805	386
3834	414
3386	405
2726	343
3510	410
2856	364
2808	376
3561	391
2995	355
3078	361
3096	406
3096	349
3060	375
2905	357
3107	386
2273	375
3365	372
2693	362
2621	441
2883	354
3178	372
2515	408
3641	403
3441	413
2884	367
2578	357
3367	374
2990	363
2098	355
3015	362
2952	365
3064	353
3049	394
3507	391
2683	356
3545	395
3789	451
2125	368
3012	363
3369	380
1473	337
2835	401
2871	375
1820	348
3318	392
2958	375
3415	398
3514	393
2980	392
2644	374
3576	403
2863	361
2704	343
3308	374
2256	359
2899	420
2564	399
2924	399
3280	376
3323	386
2552	347
3562	392
3566	405
2994	350
3318	424
3733	408
3172	367
2528	370
3043	358
3601	405
68	355
3051	417
3109	388
2952	344
3534	401
2949	377
1581	376
3578	402
2902	352
3673	395
2477	398
2523	356
3889	421
3379	377
3128	374
3591	393
2477	372
2753	346
3712	438
2661	351
3735	405
3121	394
2629	375
3687	409
3317	381
3166	367
2920	364
3321	393
3105	375
3935	414
2730	345
2288	360
3856	404
2550	385
3474	391
2316	359
3087	354
3078	412
3251	359
1588	352
1903	352
2877	354
3036	361
3373	401
2910	401
3141	360
3620	386
2973	341
2685	350
2495	357
3317	385
2942	340
2748	343
1939	384
3400	417
1587	395
2450	370
3722	412
2674	373
3067	361
2148	409
3116	364
2519	396
3208	386
1798	382
2462	372
3097	378
2748	347
2923	347
3798	409
3459	388
3401	392
3572	415
3047	352
3481	378
2597	408
2858	394
3561	405
2977	354
3479	398
2185	342
2880	341
2265	384
3196	355
1840	354
3384	388
3383	405
2696	393
3664	411
2712	395
2897	374
3567	396
3043	354
3230	382
3400	397
3428	381
2638	373
3527	380
2777	353
3393	389
2889	352
2996	385
3408	380
1885	407
3849	407
3196	368
3348	377
2998	352
3281	371
3541	406
2973	373
2774	393
2815	363
3051	349
3367	387
860	317
2956	394
2537	413
3068	363
3668	403
3492	384
2688	359
3456	396
2879	352
3152	369
2948	349
3173	377
3157	364
3260	402
3022	354
1933	399
2801	343
3103	371
3034	343
3788	422
3174	382
3595	391
2931	348
2548	376
2380	379
3257	370
3324	375
2184	344
2983	270
3124	416
3548	411
2943	341
3259	368
2692	394
3226	365
2548	366
3278	378
3376	395
3443	404
1369	345
3266	389
3342	413
3301	390
1766	355
2977	357
3648	408
3536	398
3372	383
3029	357
2652	343
2512	373
2048	387
3109	362
3774	408
3193	359
3774	410
3227	362
3761	405
3007	372
3487	386
3033	353
3331	378
3690	412
3439	385
2475	379
3954	422
3012	362
3324	384
3474	380
3762	423
3911	404
2992	350
3110	377
3577	403
3527	398
2912	385
2853	404
2999	346
2769	384
2963	352
2953	351
3630	406
3132	403
3135	385
2194	382
2942	354
2931	340
3771	426
3001	342
2335	341
2947	370
3236	392
3453	397
3550	393
2951	349
2558	398
3397	385
3142	360
2458	400
3213	393
3453	381
2741	368
3752	401
3406	401
3568	396
3537	405
1534	362
3375	375
3570	401
2529	380
1947	389
2704	362
2733	395
3471	393
3067	341
3217	367
2401	414
2666	346
2995	361
3366	383
2853	388
1464	499
3462	385
3355	379
3360	391
3419	406
3770	407
3078	382
3770	431
3410	404
3009	363
3084	350
2914	341
2017	452
2349	365
3101	355
2511	359
2882	358
3113	370
3430	391
3521	405
3026	357
2469	348
2756	415
2651	357
3304	365
3079	374
3210	368
3053	357
3100	409
2567	345
3120	379
3596	409
3360	377
3524	436
2514	335
3200	363
2435	361
3075	387
3007	372
2174	422
3085	369
3135	364
3121	378
2812	358
3478	388
3166	373
3195	377
3455	395
3368	378
2974	380
2494	346
2469	380
3084	366
2791	369
3522	388
2707	377
3136	375
3282	392
3689	410
3278	377
3088	371
3517	389
3007	361
3274	377
2704	359
3133	347
1620	371
3331	385
3292	378
2372	339
2567	364
3292	385
3432	370
3476	404
2812	378
2718	382
2899	368
3232	391
3324	376
2757	339
3038	355
1919	393
3143	370
3041	362
3264	373
2374	405
3163	316
3223	382
3044	383
2365	365
2852	367
3457	404
3683	407
3655	418
2843	357
3190	388
2931	345
3163	371
2066	366
3579	422
3443	394
3256	399
2922	378
3141	384
3107	380
3756	421
2044	379
3309	384
2910	345
3407	357
2834	367
2275	350
2877	338
1873	354
2879	355
3271	377
3029	346
2327	363
2870	388
1657	357
3214	403
3708	401
2309	346
3036	366
3081	375
2771	377
3002	363
3136	352
3429	414
2948	341
2538	410
2934	351
2710	345
3211	361
2971	383
3359	402
3147	381
3354	404
2551	354
3846	408
3331	378
2653	359
3178	374
3304	361
2197	353
3211	371
3491	394
1530	368
3260	394
3260	375
3105	351
2472	341
2942	390
2107	383
3113	400
3401	419
3665	404
3185	382
3280	416
1592	354
2317	361
2826	355
2765	343
2954	388
3096	380
2905	347
3751	426
3257	382
3387	386
2969	368
3104	362
3363	360
2913	374
2301	378
2915	348
2773	358
3384	406
3505	410
3620	400
3305	370
3017	371
2962	346
2974	363
2977	355
3415	385
2831	357
2204	393
3316	394
3360	403
3671	401
3153	356
2947	379
2836	358
1685	348
3123	372
3594	390
3081	357
3552	400
3198	391
3743	403
2849	351
3293	398
2819	362
3553	387
2973	351
2777	355
2396	359
2911	351
3746	428
3885	407
3533	391
3579	392
1895	364
3179	368
3080	385
3533	419
3283	385
2888	350
3759	408
2741	353
2459	384
2301	402
2862	378
2713	348
2359	349
3067	351
2928	347
3266	376
2817	377
3139	407
3568	393
2668	353
2616	372
2983	349
3786	398
2929	355
2842	359
3150	395
2746	354
3666	394
2421	364
2345	352
3756	400
3222	377
3347	370
3140	375
2813	354
3788	407
2975	367
2732	339
2643	378
3435	417
3537	392
2356	379
3173	356
2432	371
3291	363
3898	405
2484	349
3233	380
3040	388
3357	389
3585	386
3018	363
2745	344
3199	384
3005	353
3423	390
3285	383
2818	352
3276	416
2848	350
3557	414
3851	409
2909	386
3045	362
3284	374
3434	407
3136	382
1718	388
3542	395
3794	415
2863	364
2213	423
3123	400
2214	348
3228	407
2394	357
3233	370
3312	379
3767	414
3576	393
3127	369
917	352
3267	372
2525	385
2783	369
3092	361
2983	364
3440	390
2444	381
2465	400
2971	341
3339	389
3309	385
2835	342
2623	367
2334	351
3013	384
2168	424
2908	351
3100	362
2437	394
2704	360
3662	408
2523	357
2623	384
3417	399
2771	406
3518	394
3039	358
3190	367
2490	342
3200	372
3421	408
3351	395
2571	367
2861	352
2804	362
3427	408
3112	359
3680	396
3206	369
3168	364
3199	374
2342	370
2069	342
3409	395
2722	381
2189	347
3695	403
2699	353
3056	350
3076	386
3003	349
1845	396
2923	328
3074	382
2784	345
2375	367
2667	342
3393	384
3206	357
3357	384
2817	386
3441	388
3637	406
2198	388
2184	359
3346	367
2834	380
3285	380
3025	349
2835	344
3652	399
3669	408
2062	401
2745	425
3023	354
3410	378
3843	413
2835	370
3155	382
3211	354
2872	423
2773	351
3490	396
3675	405
2175	388
3449	372
2982	382
3007	341
2153	364
2315	348
2931	374
2808	346
2651	426
3202	385
3477	425
3722	403
2631	341
3429	399
3281	418
2647	369
3119	352
3228	378
3229	379
3386	377
2938	390
3462	384
2778	381
3786	413
2062	368
3373	382
3241	376
2912	367
2982	344
3517	406
2922	346
2714	378
3756	405
2690	359
2747	356
3631	397
3336	408
2706	392
3462	415
2899	379
2922	371
2719	359
2591	386
3274	382
2917	404
3167	368
3687	422
3064	363
2335	384
3065	416
3461	387
3470	394
3428	385
3201	372
2633	385
3480	389
2177	379
3193	380
2800	354
3200	359
3162	369
3488	400
3585	414
2885	340
3240	380
3021	377
3356	385
2972	382
3350	402
3424	417
3346	406
3606	392
3341	403
2981	355
2554	349
3626	400
2943	345
3597	393
1471	407
3140	389
3428	402
3239	367
1164	476
2778	436
3255	380
2967	410
2806	376
3057	352
3065	348
3123	356
3270	391
2091	353
2682	371
3067	385
3869	403
2562	346
3131	370
3397	386
3222	384
3065	351
3111	367
3304	428
3719	407
3112	382
2979	347
2944	344
3638	423
3275	372
2396	372
2364	359
3086	394
2986	372
2826	347
3358	163
2956	367
3500	390
2962	351
3466	392
2406	372
3054	358
3470	382
1972	339
2454	369
2641	426
3095	361
3271	378
3736	396
3101	374
2876	363
3155	352
3187	359
3598	395
2104	387
3684	407
3550	410
2771	349
2714	364
2750	354
2832	404
2629	343
3541	400
3782	409
3366	387
2564	395
2894	349
3189	359
3422	434
2758	364
3542	409
2940	354
3459	377
2976	373
2976	393
1847	402
3008	375
3209	396
3157	373
3600	395
1650	349
3143	365
2100	365
3075	364
2400	395
2612	368
2019	413
2312	392
3168	360
3213	397
3111	354
1539	392
1928	374
3238	381
3703	412
2907	346
2492	394
2338	403
3458	409
3779	433
3720	413
2657	392
2276	357
3003	353
3102	394
3593	402
3200	384
2955	346
3068	357
3569	404
2725	390
2716	350
2578	379
2602	422
3427	397
3751	405
3064	350
3348	378
3286	388
2836	394
2387	417
3382	395
3251	379
3333	418
2879	351
3407	393
2928	344
2805	350
2402	343
2964	355
2970	355
2691	355
2682	412
3122	406
3090	358
2102	353
3268	391
3121	351
3493	392
2610	333
2844	354
2954	373
3024	355
3371	387
3454	388
1624	358
3134	382
3187	382
2873	402
3298	380
3577	393
2914	366
3278	390
3589	397
3641	395
3118	365
3616	399
2362	400
2249	369
3439	403
3077	388
2183	390
2738	390
3600	411
2903	365
2373	349
2948	370
2891	358
2514	360
3315	364
3720	402
3163	394
2802	410
3640	417
2811	349
3851	406
3807	408
2969	356
3317	397
3582	406
3563	396
2979	350
3151	363
3028	359
3202	362
2602	346
3393	382
2478	370
3614	408
3672	398
3496	400
2582	364
1966	401
3712	423
3305	392
2778	375
3074	361
2894	372
3193	397
3111	367
3431	404
1989	360
2952	356
3692	414
3284	402
3728	407
2606	346
3069	386
3029	351
3106	365
2596	351
3179	385
2851	363
3056	355
3074	370
3326	390
2300	349
3773	445
4248	446
3422	449
4805	504
3407	441
4600	494
4103	510
3346	443
4564	484
4069	447
4462	446
3734	416
4112	467
2517	442
4177	451
4634	487
3870	429
4082	446
4351	450
3722	431
4088	431
4484	458
4106	433
3626	458
3878	454
4138	443
3271	480
3734	409
3984	437
4017	451
2822	486
4333	444
4619	490
3790	434
3053	461
4468	485
4268	454
3826	425
4522	487
4507	496
3779	466
4275	454
4275	472
3917	497
3798	438
4098	467
4568	495
4079	474
3954	417
4013	441
4093	451
3753	445
3811	469
2605	420
4327	470
4122	448
4345	459
3588	434
3809	454
3960	426
4685	480
4349	471
3787	468
4101	455
4404	455
4162	448
4413	495
3862	458
4190	473
2663	450
4113	439
3796	487
4177	449
3832	390
4089	441
4392	495
4319	466
4428	485
3758	420
4173	451
3528	470
3040	422
3705	420
3472	474
4311	449
4713	498
3321	447
4753	487
3331	425
4470	472
4339	451
3303	438
4360	487
2220	417
4411	484
4437	472
4122	480
3950	412
4068	441
3419	462
3997	439
4248	482
4134	463
3092	450
4065	624
4683	477
2833	474
4492	496
3009	430
4387	455
3863	426
3873	448
3270	437
4368	465
3524	485
4773	492
4052	368
4190	479
3968	434
3851	509
4514	485
2920	431
2465	432
3828	418
3183	483
3972	434
4090	438
4705	502
1811	485
3882	428
3955	438
4170	476
3859	454
3235	474
3832	419
4418	466
4228	445
1793	486
4686	475
4207	443
3904	467
3927	447
4255	443
4054	431
4404	465
4282	460
3314	443
3959	473
3934	428
4337	463
2581	430
2331	421
4151	441
4255	455
4245	454
3818	412
4450	427
4088	436
3239	426
4608	480
3952	455
2772	446
3849	430
3874	449
3884	439
3655	451
4830	489
3752	423
1481	442
4122	457
2422	446
3959	419
4822	482
4837	488
4569	490
3664	430
3968	435
4474	462
3329	427
3042	419
3460	356
3388	479
2542	481
3910	424
4211	466
4187	436
4366	453
3713	464
4130	474
3148	445
3731	435
3794	437
3783	437
4355	461
4222	455
4506	460
3998	446
4353	461
4131	516
3729	440
2437	417
4475	474
3304	460
3046	462
3682	437
4559	458
3041	419
4294	506
4546	481
2216	417
2301	463
4602	490
4041	467
4230	479
3438	441
3007	484
4286	471
4413	466
4564	481
3923	422
4165	435
4198	474
4008	450
3555	433
4101	447
1810	484
3887	470
3831	409
4141	427
4832	487
4398	464
4843	451
2994	432
4518	479
4207	472
3602	415
2934	438
3037	436
4339	462
2582	434
4248	453
4272	467
3768	420
4203	474
3089	469
3541	433
3475	445
3746	470
4265	483
4060	424
4319	456
3483	455
4819	489
4102	426
3843	491
2756	442
3712	461
4205	445
2039	449
3588	446
3823	420
3814	443
4274	463
4037	429
4475	465
2191	434
4909	509
4530	480
3333	440
2879	438
4004	424
3940	424
3988	435
3783	426
2864	425
3749	481
4455	510
3546	438
2574	454
4011	433
4646	488
3437	435
4486	448
4335	453
4160	448
4410	481
4499	472
3870	452
4016	432
4259	444
4822	487
4499	458
4030	474
3990	431
4040	480
3822	450
3309	428
4453	447
4397	480
3824	474
4570	481
4732	473
4100	460
3730	442
3768	447
3980	436
3914	481
2792	421
4219	467
4005	434
4006	432
3762	429
4601	473
3700	434
3987	428
2959	449
2552	440
4056	495
4254	443
4435	465
4524	467
4335	446
3710	421
4829	492
4328	479
3932	467
3786	430
2254	443
2022	438
4602	468
4196	445
4704	483
3967	457
4181	429
3767	430
3937	436
4533	487
4197	441
3936	428
3081	453
4093	421
4118	472
2401	434
2516	408
3408	441
2980	492
4302	465
3680	415
3870	502
3987	435
4878	493
4645	469
3641	475
4169	448
3678	426
4660	480
3987	426
4290	463
3426	437
4583	484
4049	443
3992	434
4795	486
2801	429
3661	419
3976	474
4583	481
3534	427
3935	444
3065	455
4112	470
4581	487
4547	493
4111	453
4215	474
3719	440
3998	467
4585	479
3511	460
3135	486
3967	431
4097	438
3983	443
4733	498
4442	487
4020	434
4331	461
4437	447
2878	429
3531	442
2059	486
4021	432
4418	477
4118	458
2424	407
3313	451
2856	462
2662	425
4073	425
4359	483
3500	436
4175	467
4055	433
3793	425
3644	458
3132	425
4259	445
4053	421
4415	472
4557	489
3769	442
4483	469
4457	445
4220	469
4583	483
2337	415
4388	466
3789	412
2908	468
1450	440
3629	472
4257	472
3981	471
3814	440
4459	467
3946	427
3864	441
3623	434
4293	451
3312	436
2790	445
3009	482
3941	451
2351	479
4110	498
3870	427
4107	457
4662	481
4167	477
3400	471
4454	482
2976	477
3415	486
4730	481
3925	454
2403	432
2335	420
3846	415
3451	426
2836	442
3777	462
3234	436
4176	440
4063	457
4253	451
4501	471
3052	428
3746	479
3799	423
4023	473
4302	474
4735	467
3356	430
4433	466
4121	485
3819	413
4238	444
3970	437
3942	496
4351	467
4690	483
4198	451
3171	474
3950	433
2540	432
4498	481
1527	503
4294	442
3551	479
3374	487
4218	435
2108	444
3934	435
4017	495
2899	481
2931	463
4485	460
3922	443
3929	446
4350	444
4344	450
4305	407
4051	472
4295	499
4496	422
2876	430
3830	434
1952	511
3402	425
2987	417
3993	437
4417	470
4850	499
4189	473
3835	437
3415	487
4034	480
4466	471
4386	472
3231	433
4268	456
4074	475
3576	427
4190	486
4599	488
3052	440
4631	475
2889	427
3522	472
3318	438
4308	456
4608	461
4157	453
4138	455
4522	488
4394	451
4030	469
3838	424
3152	428
3713	457
3436	429
4218	481
4208	473
3068	427
4435	486
4667	484
4374	464
4000	463
4261	440
3870	505
3746	432
2125	427
3889	428
3886	463
1744	444
4303	477
3800	428
4536	482
2609	446
4221	474
3717	425
4156	446
3884	407
2103	470
2560	411
3560	416
3045	423
3551	489
3834	441
3543	469
4337	466
3495	404
3736	430
4020	483
3815	424
2097	445
3915	427
4029	437
3814	423
3689	493
3381	447
4082	453
3846	420
2409	484
3580	412
4777	481
4383	472
3707	441
4696	482
4205	444
1579	442
3672	461
3739	432
4362	443
4200	463
4268	457
4078	428
3099	461
4031	434
4473	481
3994	446
4557	477
4823	481
4046	506
4655	492
3186	421
4187	446
4368	473
4113	485
4055	462
3792	431
2252	443
3553	501
4536	488
3970	433
4620	475
3209	436
3662	469
4404	465
4556	485
4571	507
2666	417
3899	479
3144	430
3861	470
4129	428
3510	469
4764	489
3962	418
4334	478
4785	523
3713	419
4111	465
2436	417
4401	488
3686	432
4608	481
3057	469
4404	452
3947	420
3743	423
4631	472
4055	457
3750	445
4381	463
4141	450
4180	423
3780	440
4474	458
3766	429
4070	439
2943	449
4815	497
4741	491
3912	436
4163	447
4846	392
2649	552
4425	486
4221	471
3457	438
1323	449
4630	488
4629	494
4705	496
4187	439
4223	495
3753	443
3908	428
3748	467
3657	434
4405	452
3674	457
3839	440
3114	476
3188	435
3758	440
4330	482
3312	437
4064	452
3638	424
3088	517
4934	440
2761	430
3947	496
4849	489
3635	456
3471	492
3940	441
3227	460
4056	440
3647	421
4006	432
4189	445
2226	502
2832	476
3859	413
4437	467
3803	427
4549	495
3651	449
4000	484
4505	457
4269	448
2854	431
4254	466
3622	447
4483	453
4459	474
4768	501
3323	417
2665	466
3779	482
4312	448
3900	421
3245	445
4428	462
3406	481
1993	483
3677	453
3794	438
4352	492
3798	430
4713	478
3918	414
4081	446
3680	434
3213	461
4309	486
4176	435
3619	427
4724	491
3700	469
4267	442
3889	442
4037	450
4009	428
4038	447
4633	492
4024	428
4476	470
4385	449
3794	429
3188	415
3945	442
4704	490
4169	450
2508	482
4078	437
3804	455
4549	468
3918	433
4059	456
4341	438
4831	493
4638	482
4114	429
3563	429
4537	469
4577	465
4111	469
3848	433
3914	436
4725	476
4010	460
4584	489
4045	447
3328	476
3911	441
4045	451
4727	481
3223	424
2834	489
3914	424
4723	491
3841	420
3496	473
3993	487
3271	426
4313	468
4238	475
3006	465
4601	502
3114	443
3387	448
4321	462
4379	478
4658	488
3526	448
4694	490
3617	423
3543	412
4069	449
3539	467
4505	481
3848	441
3910	442
3978	425
4069	478
4473	492
2912	457
4053	391
3660	423
3967	424
4771	495
4316	486
4456	482
4005	480
3873	439
4199	441
3543	454
3801	426
4141	479
4481	472
2391	454
4044	479
4036	426
4031	479
4230	464
3152	469
4146	445
4096	447
4142	471
2053	458
3452	431
4269	438
4476	484
4088	432
4539	478
4241	494
3613	455
4310	450
3970	430
3761	427
4261	490
4402	493
3888	411
3074	477
4453	515
4197	477
3291	437
4302	470
4255	477
3866	427
3951	445
4784	486
4028	447
4019	470
4657	487
4288	480
3894	441
2312	462
3845	460
2844	421
2777	444
3479	432
3989	432
3325	428
4103	493
4797	500
3845	448
1834	444
4002	454
4561	468
4270	461
4249	458
4135	462
4263	433
4002	444
3890	441
3568	456
3694	436
3479	429
4021	453
4167	480
3461	485
4685	479
2621	443
3575	468
2357	428
3996	429
4638	473
3998	440
3643	478
3786	486
4266	446
4102	443
4618	470
3992	488
3756	425
3140	489
3526	439
3539	429
3964	430
3123	443
4493	497
4588	594
3453	441
4023	426
4588	518
4529	459
4110	466
4328	470
4474	479
3786	443
4260	459
3966	477
4406	484
4223	454
3393	455
3481	474
3949	425
4157	451
3930	422
4015	421
4817	378
3387	473
3724	437
4039	460
3719	452
4569	481
4348	480
4106	447
4270	465
3397	451
4317	500
4614	478
3960	424
4140	442
3609	445
3835	443
4392	485
3915	419
3699	490
3029	467
3718	469
4122	449
4886	494
3460	432
3887	431
4492	485
4790	490
3728	415
4738	473
3799	433
3550	439
3932	465
4394	475
3832	435
4188	451
3676	434
4053	460
4330	472
4083	434
3865	446
4327	479
3433	462
4797	452
4174	437
3948	423
4587	479
3889	392
3605	426
3594	450
3229	441
3764	422
3854	436
4110	425
4035	432
3982	432
4319	443
3601	415
4675	489
1682	480
3988	464
4617	487
3715	415
4597	467
3667	472
4457	489
4523	461
3920	445
4291	458
4029	438
3768	439
3908	431
3615	433
3906	450
4133	457
4112	441
4346	447
4025	436
4521	474
4074	473
3673	432
4554	482
4235	446
3772	468
2888	433
4811	487
3845	457
4781	485
3776	408
3980	433
4837	505
2966	440
4113	453
3208	456
4083	423
4005	426
5219	547
5430	547
5074	502
4815	523
5212	553
4956	549
5401	545
4874	499
5449	576
4678	494
5309	546
3302	503
4615	515
4190	502
5675	555
2960	572
5008	516
5164	556
5095	552
4560	492
5337	552
3473	519
3626	508
3174	522
4835	508
5318	546
5495	553
5778	569
4995	545
2770	530
3763	519
4893	521
4984	492
4658	511
4876	524
5578	560
5166	558
5360	553
3064	559
4421	500
4315	506
2648	490
5451	542
4249	496
3658	516
2864	554
5080	571
5567	546
5426	559
5696	569
3626	488
5302	555
4484	521
5455	538
3716	521
5293	544
4577	548
5369	540
4931	504
4886	541
4277	512
5162	527
5500	553
3235	509
4502	487
4676	525
4984	507
4912	513
4568	552
5373	526
5523	574
4590	444
4970	540
4082	530
5530	559
5420	552
5620	550
5653	565
5569	567
3463	505
5546	648
4733	563
4074	554
5302	544
4651	510
5160	533
4921	510
4328	569
1961	518
5065	497
4071	515
4309	510
4277	500
5357	555
5346	534
4388	525
3449	517
5123	526
5573	575
4938	514
5637	586
3877	531
5598	566
5340	529
3918	496
3617	500
4290	524
4451	487
5129	544
4612	514
3142	571
3848	531
3408	505
5190	511
4977	536
5346	553
5482	547
5026	550
4364	500
5380	547
5057	511
4844	502
5092	554
5631	573
3282	489
4922	551
5006	499
5297	513
3169	487
4754	497
4847	551
5037	525
5252	556
4856	507
4727	515
4791	492
5210	534
5370	540
4399	530
5141	516
3905	497
5458	542
3363	507
4287	515
4264	504
5521	570
4902	520
4756	520
4935	515
4932	521
3036	541
4923	542
2554	493
4008	543
3614	527
4707	505
5067	543
5374	566
5261	546
4943	528
5822	578
4860	502
4543	497
3209	498
5015	535
4672	535
3756	519
4921	529
5795	607
5212	519
5134	504
4897	502
4607	558
5304	551
4968	534
4236	546
4856	495
3770	527
4612	497
5348	551
4531	504
4412	517
4882	566
3794	515
4874	512
4575	526
5238	575
5531	552
5434	538
3977	492
4980	520
5118	531
5702	563
3847	540
4743	512
5249	523
5124	546
5503	563
5759	568
4246	504
5257	557
5087	507
4297	492
4835	520
4820	560
5070	535
4928	503
4872	496
4992	509
4632	499
5037	562
4003	508
5429	553
3821	546
4714	572
5326	502
5669	557
4588	508
4177	522
4131	497
5486	569
4937	543
5456	571
4317	510
4992	520
5135	528
5480	537
4944	524
5005	539
4478	501
3869	513
4253	518
5070	554
2989	519
4416	550
4688	497
5747	588
3607	526
3966	536
4757	502
4887	492
4585	503
4758	509
5261	536
4494	503
3764	511
5204	538
5013	542
5073	540
4657	509
4997	520
5483	569
2981	514
4889	502
5266	538
4734	519
4588	492
5438	554
4410	579
4736	499
5036	510
5372	535
5484	531
2160	496
4819	496
5497	550
4751	522
5168	553
4913	510
5451	535
5226	534
5136	514
5067	514
4891	517
4477	513
3883	544
4146	536
4888	500
4623	539
2689	528
4951	493
4651	517
4341	497
4764	661
4963	512
4938	505
4592	512
4540	527
5021	543
3074	529
5225	557
5084	522
5612	574
3941	506
4565	492
4025	545
5155	521
5034	520
4736	500
5190	521
4859	484
3761	503
5238	560
3950	484
5341	551
4391	520
4815	512
4888	511
4778	537
4753	525
4953	520
3860	522
4860	560
5257	548
4992	503
4917	511
5460	560
3399	560
3609	539
4154	527
4369	501
4696	550
4749	489
3907	539
4611	547
5243	503
4490	560
4873	559
5006	566
5038	513
4748	526
4936	531
5080	557
4979	539
5337	582
4494	506
4290	497
5487	559
4222	502
3973	516
5170	520
3171	563
5037	524
3316	573
4993	517
5720	571
5069	515
4015	508
5008	508
4705	514
5725	560
5717	557
2671	483
5669	546
4744	494
4160	561
4195	503
5090	529
5259	534
4521	560
4772	536
3616	546
5292	554
4130	505
4641	504
4876	492
5463	525
4791	522
5081	525
4273	508
3669	508
3632	505
3491	529
5501	549
5121	503
4891	507
4900	542
5431	532
5773	577
4418	507
4979	542
5027	550
5588	550
5227	532
4476	493
2033	517
5226	528
5532	563
5174	533
4504	501
4930	521
5408	554
4387	502
5043	501
5070	547
4905	531
4874	507
3991	543
5668	548
5275	548
4770	505
5618	549
3007	533
5268	541
5329	552
5343	540
5134	509
4508	498
4274	503
5026	536
5375	530
4909	541
4945	517
4834	520
5765	570
5330	560
5162	538
5076	536
5016	565
4938	532
2649	514
5424	571
4775	548
5728	558
5254	558
4871	518
4858	547
5595	571
4573	530
5557	572
4870	528
5202	525
3282	499
5353	516
5006	530
5616	553
4846	526
4815	537
5585	544
4925	565
4412	528
2193	549
4819	548
5038	510
5272	551
2955	505
5032	556
4903	513
5692	565
5133	534
5339	557
5489	542
5260	518
4730	513
3319	534
3829	503
4346	507
5221	543
4774	521
4861	515
5281	565
4708	519
4440	490
5221	539
5303	536
5471	558
4430	506
5068	514
4635	535
5204	526
4709	525
3929	479
5072	557
5588	541
3436	535
5161	520
4851	509
5185	540
4926	520
5027	509
4971	514
4791	509
4989	516
4737	563
5053	585
5533	553
4716	505
3948	487
5424	555
4599	499
5506	535
5045	536
5267	530
3585	522
4394	537
4788	517
5103	531
2201	519
4777	532
5130	554
4647	511
5685	555
4825	507
5387	548
5365	547
4398	520
4844	546
5009	516
4257	508
3801	493
4386	536
4971	507
3375	504
5305	542
5459	574
4928	499
3694	525
5152	520
5411	533
5526	550
4871	498
5489	554
5433	524
4978	498
4728	490
3566	494
5364	574
4215	504
5562	561
5027	571
4962	495
4770	529
5125	513
5560	555
2660	519
5494	544
4156	518
5256	562
4915	521
5003	530
5658	555
4656	498
3649	516
5364	570
3951	512
4902	529
4951	498
4843	523
4958	525
4488	494
3485	530
3300	530
3418	568
4899	503
4818	497
4778	533
5071	544
4435	524
5258	532
5445	559
2811	579
4835	498
5062	543
4459	550
5132	539
4724	504
3403	539
4182	532
5524	579
5623	552
3750	576
5153	517
5420	534
5480	550
4716	522
5579	585
4086	536
4701	484
5007	515
2894	504
5349	567
5643	587
4095	535
4066	523
4255	513
4953	488
4968	511
3861	509
5672	580
5266	552
3374	502
4998	523
5099	532
4590	518
5175	519
5269	531
5241	546
4950	521
5430	535
4399	496
5342	544
4920	505
5416	533
5413	532
4815	535
4704	560
5201	565
4321	517
4859	524
4226	566
5193	508
5141	549
4824	525
4424	494
5800	570
4474	563
4685	549
4778	507
5501	565
5449	563
4746	509
4184	499
4728	526
2004	509
4568	540
5629	551
4997	556
5599	548
4699	508
5048	534
4020	167
5292	562
2638	500
4883	513
3425	512
4674	520
4937	550
3497	537
4907	514
4441	568
4668	512
5345	533
4768	525
4814	509
4714	498
5295	559
5153	513
4260	501
5391	531
4094	554
3739	532
4994	530
4118	500
5436	544
4759	558
5074	545
5104	522
5237	583
4949	505
5393	554
5199	514
2923	551
4325	557
4972	509
5078	517
4538	561
5152	522
4247	494
4431	494
4943	554
5241	519
5318	536
3902	569
5115	520
5611	557
4735	509
3202	575
4568	499
3397	516
4619	561
5528	559
5478	565
4885	532
3634	559
4878	488
4799	537
4073	537
2620	514
2898	544
5623	542
5055	543
4899	533
5765	555
5695	584
2576	530
3760	531
4670	536
5021	512
5275	539
5139	535
4760	529
5430	534
2826	539
4613	505
4756	545
4896	549
5320	539
4634	517
4234	521
5511	563
5143	538
4854	494
3154	516
4401	507
5358	533
5552	563
5078	575
5370	564
3709	543
5757	558
4606	540
5449	550
4846	489
4477	510
5055	545
4525	497
4745	549
5182	533
5789	576
4761	498
4865	499
2467	530
2049	530
4028	533
4169	532
4811	483
5109	521
4238	520
3463	555
5242	532
3788	510
4029	506
5188	533
4490	551
5144	516
4767	552
5414	561
4447	534
4476	520
3068	501
5217	536
3799	501
5036	531
5287	540
4820	573
5202	545
5180	569
4913	542
5048	528
5423	533
4580	502
3598	499
4343	539
5517	457
5709	559
4788	500
4462	498
5795	582
4786	504
5326	569
3664	506
5049	508
3128	496
2830	538
4696	551
5238	520
3982	542
5433	487
4111	483
4167	538
5320	524
5225	518
5534	563
5440	557
5169	572
4909	564
4816	501
5311	536
5341	540
4654	498
4932	497
3680	504
4747	517
3907	543
4456	569
5264	543
4317	568
5620	540
5074	498
4903	506
4766	491
5644	568
5382	573
4545	533
5185	512
3495	543
3954	518
3112	552
5297	514
3830	497
4889	507
5322	575
4918	504
4896	504
5700	557
4621	528
5492	574
5493	557
3861	559
4045	482
5741	560
5023	535
4901	538
4681	506
3214	509
5483	547
4836	499
4350	519
5161	529
5219	518
5021	509
4811	562
3897	533
5130	534
5389	534
4517	532
4698	496
5023	528
4952	503
3658	525
4853	535
4935	529
5578	560
5747	592
5345	558
5382	567
3954	526
5575	565
5169	511
3615	539
4833	508
4622	506
5146	523
5479	548
5128	510
5151	518
4359	558
4403	548
5056	500
4488	537
4991	511
4386	549
4335	516
5505	556
4899	510
5497	554
3790	533
4917	535
5310	555
3294	556
4802	481
4076	522
5217	553
3613	501
2785	593
4806	509
4765	512
5223	551
3785	534
5690	568
5841	572
4771	501
3269	503
1916	553
4982	500
4865	524
5102	518
5034	524
4613	544
4244	533
4244	505
4625	534
5377	536
5069	513
4865	489
4525	580
5474	540
4793	518
4011	539
4941	533
4461	551
5767	580
4074	513
4969	543
4283	531
3409	498
4717	514
4792	516
4782	541
3985	508
5620	552
4499	510
4822	575
5496	550
4869	515
2333	523
4459	487
4974	502
2602	514
5429	575
4340	518
2229	556
4121	524
5035	513
4770	510
5411	553
2391	555
5731	585
4861	513
2832	506
3800	565
4871	535
3219	514
3694	561
4810	567
4815	566
5305	535
2850	564
5396	550
4923	545
5572	559
5632	594
5275	537
4882	483
3695	507
5760	534
3502	509
5176	529
5082	500
5440	575
5148	519
3976	577
3369	493
5575	550
5604	555
4193	508
4984	529
4715	501
5459	555
5009	546
5012	510
5435	474
4743	513
5118	534
4292	588
4570	537
4113	496
5051	499
5042	554
5164	559
4996	520
5741	568
5127	514
4841	501
3910	516
5120	568
4826	550
5102	514
4746	515
4753	523
5039	528
3690	537
3972	516
3017	523
4402	535
5392	538
5033	509
4002	532
5100	544
5081	534
4696	512
4844	493
4710	549
4250	494
4936	532
5274	527
5750	565
5240	546
4515	557
5085	549
6468	654
6149	640
6684	635
5895	646
5665	581
4272	579
6066	599
6193	629
5725	600
6244	595
6405	629
3363	572
5250	596
6617	640
6430	661
5757	619
6044	611
5947	580
4345	656
6040	600
3368	543
5679	586
5235	593
4972	587
6467	613
5752	581
5450	580
3700	622
6686	637
6311	608
4430	622
5595	629
5406	607
6104	593
6307	617
5696	582
4803	595
6054	626
6102	586
5869	581
6207	579
5248	589
4958	582
5805	591
6461	624
5808	575
5592	582
4354	628
6129	629
6258	633
5812	570
5410	584
4058	589
6392	633
6403	646
6267	637
5844	616
4610	604
5359	598
5279	613
6419	649
6505	635
6162	636
3548	599
6276	619
5293	617
5052	611
5405	595
5829	565
5526	590
5689	624
6346	630
4969	530
3625	609
4183	627
5895	581
6255	610
6551	638
5401	582
4775	565
5512	620
5647	607
2772	616
5616	593
5786	579
5429	599
4622	609
5309	605
3840	600
5368	604
4834	632
3592	629
6213	608
3219	590
6328	626
5243	612
5794	579
6212	641
6353	632
5230	623
5864	607
4818	597
5915	594
4913	573
3441	563
4335	638
5927	581
5813	605
4595	596
6128	616
6184	815
5191	632
5714	618
5578	636
6336	621
6025	596
4866	568
4900	578
5676	598
5964	586
5470	607
6582	644
3362	604
6036	602
5940	601
5558	631
5883	640
6322	599
6208	611
5700	649
5436	568
6476	625
5856	618
5900	593
6255	618
5480	572
6402	606
3671	574
3586	587
6001	602
5677	580
5763	593
6210	584
4132	621
6507	620
4902	574
5626	593
5443	608
6152	506
6490	828
6294	612
6204	634
5881	608
5072	638
6703	640
6213	567
6256	617
3860	612
5483	581
6348	625
5701	622
5571	652
6301	634
4547	565
5276	601
6517	660
5513	570
3877	651
2844	609
5587	461
5756	640
6317	621
6552	622
5892	623
4361	625
5157	620
5932	610
6130	607
6400	654
5875	633
5447	583
5840	581
5409	627
6696	615
5692	586
4939	619
5720	597
5979	620
5315	602
4057	635
5986	597
5518	598
6433	621
3011	605
5465	641
6099	638
5429	595
6268	600
5820	625
6289	630
5639	576
6585	615
5372	576
6122	593
5891	650
6071	599
6027	607
5592	606
6405	626
6067	604
5528	570
4536	647
5713	561
4855	566
5568	594
6072	589
5875	636
3079	524
2934	603
6751	624
6079	590
5889	591
4991	573
6454	633
6254	635
6299	628
5886	591
6038	610
3310	587
5730	605
4585	583
5135	589
3054	584
6112	588
5678	579
6257	605
6753	647
6269	622
6472	632
6319	621
5694	622
4340	571
5728	588
6068	592
5832	575
6570	638
5178	576
5642	616
5751	577
6287	626
5868	596
6278	612
5623	605
5792	631
2948	591
5713	579
3752	584
5363	638
5422	567
6444	628
6012	584
5988	577
5380	569
6002	590
6159	601
6190	584
3527	582
5953	593
6042	587
6344	630
5722	481
4155	605
5257	622
5836	620
5929	586
6460	632
6424	617
6576	650
6046	605
5824	590
4626	638
6254	606
6369	597
6150	626
6533	641
5552	548
6601	636
5817	589
5404	629
6671	649
5889	618
3822	566
6056	604
6221	612
6251	613
5303	577
5361	578
5625	647
6365	616
5715	585
5690	627
6009	589
5841	596
5652	595
5898	605
6300	598
5375	620
5850	585
6061	611
6210	560
6278	637
5710	559
5698	589
6087	599
5476	600
6181	583
5527	584
6104	587
6127	599
5233	602
3173	607
5851	580
5899	606
4694	618
6486	629
6364	631
6059	615
5520	595
3225	603
6291	606
6346	638
4604	667
6139	573
3977	575
5129	586
6154	615
5693	585
5841	635
5571	567
5783	583
5892	644
6117	606
6195	623
6366	635
4215	598
6187	627
5809	634
4541	530
5689	602
4703	573
5698	589
4698	641
6560	629
5821	570
6394	646
3983	570
6463	634
4627	640
6234	617
6237	626
5358	612
6201	621
5999	593
5943	592
6410	616
5818	564
5785	576
5399	567
5225	608
5590	577
6213	613
5961	585
6297	619
5828	629
3451	592
5777	588
6281	639
5912	565
5739	563
5817	594
5805	586
6279	630
5294	575
6509	641
4787	593
5746	568
6050	621
4406	616
6187	624
5384	658
5835	610
5612	603
5363	584
6667	627
5864	605
5879	621
5898	601
6236	626
5127	568
6001	613
3161	593
6543	635
6069	596
5670	632
5176	570
4742	572
6143	592
4180	625
3280	595
6750	654
5040	607
5265	628
5900	606
5710	585
6714	639
3926	579
6417	598
6365	647
6763	631
5721	592
6003	611
6174	606
6152	700
5278	615
4131	585
5134	571
4792	603
5802	626
6667	636
3687	630
5524	602
6518	644
4119	611
5321	587
5445	577
6045	606
5319	623
5216	618
6394	624
5831	602
5065	645
6117	603
6460	609
6410	625
6006	599
5460	641
5367	568
6200	607
6220	632
6172	604
6370	620
5247	601
4350	621
6132	599
5276	589
6535	635
6371	635
5658	572
5258	549
5334	595
3945	601
6056	637
6092	612
5605	632
6077	589
5700	566
5474	588
6220	636
5931	620
4644	571
5496	593
6180	632
3717	461
5402	583
4985	591
6148	602
5707	578
5849	582
5110	570
5550	628
5924	622
5916	636
2266	572
4379	616
4601	612
5777	577
6443	621
6023	615
6589	644
6262	611
5820	583
6047	598
5997	620
6134	589
5970	523
5564	476
4700	590
6328	631
5734	581
5836	573
5947	575
5801	579
6735	638
4068	627
5835	592
4013	574
6039	509
5136	572
4942	578
4078	630
6307	627
6110	601
6050	650
5636	578
5469	635
5263	662
6621	637
5706	612
5735	581
3583	608
6136	628
6247	569
5463	572
5563	613
4427	569
6257	647
6337	619
5694	577
5526	574
5316	611
5361	618
5104	592
4463	583
6171	603
6048	597
4437	596
6436	611
5753	579
5379	587
6005	587
4946	599
6293	626
3464	598
6509	635
5816	579
6425	612
5676	589
5500	607
5920	590
6067	602
5562	606
6380	597
6587	627
6373	592
5704	610
6302	605
6631	631
5493	581
6297	644
4610	630
6619	634
4216	643
4868	593
5170	611
2851	579
5548	623
4355	553
5364	562
4981	603
6403	641
6240	612
5363	593
6313	612
5816	598
6457	656
5609	610
6659	608
5635	617
4086	642
5347	601
2913	607
6517	634
4758	621
5642	569
6119	593
5875	578
5878	586
6148	607
4821	594
6334	606
5792	624
5008	613
6480	617
4519	588
5925	625
6183	605
5197	575
6004	584
4536	624
6112	629
6220	659
5398	622
6055	624
6427	640
5402	585
5030	600
4612	564
6223	614
6497	637
5961	636
6212	625
5008	595
6526	636
5220	662
6414	618
6209	639
6679	639
6398	627
6614	615
3630	559
4146	618
5953	581
4816	579
5443	601
6244	617
6026	604
5863	597
6139	610
4684	613
6544	641
6058	603
6113	617
5866	623
4531	582
5675	571
6081	619
3989	564
5355	571
5987	588
6265	623
6005	638
6306	641
6899	646
6198	654
5584	600
6295	605
6628	652
5973	593
5732	634
4464	559
5713	575
5316	580
5467	572
6119	616
4686	640
5907	608
6520	630
5285	615
6128	610
6060	598
3889	643
5950	606
6681	644
6493	621
5870	575
5192	646
4702	597
4027	580
5886	587
5622	583
5830	586
6480	666
6321	641
6370	638
5770	592
4486	565
3917	586
6087	583
6549	630
5576	589
3784	577
6042	608
4329	607
5543	627
5594	571
6238	614
4880	607
5602	576
4261	576
5859	586
5865	606
5431	614
5379	605
6042	643
4842	600
6380	623
6398	617
5687	575
4983	572
6181	634
5693	570
6533	618
5853	590
5932	616
4566	617
6593	657
5559	580
5557	564
5826	621
6821	640
1111	626
4980	573
6429	644
6037	589
5282	592
5350	573
5839	616
6604	627
5243	638
5467	575
6077	616
5406	570
5896	645
5107	582
3264	654
6331	616
5762	567
5325	588
6426	624
5572	566
4319	598
5521	646
4857	569
5238	633
5314	588
4136	563
6183	597
5983	569
6033	650
5904	581
4463	581
5978	583
5882	588
5786	606
5551	615
6283	646
5302	587
6227	605
5210	573
5967	576
6529	628
5098	589
5973	582
5673	616
6055	588
6242	639
5748	586
6442	638
6029	637
4462	598
5755	595
5524	581
5938	583
6053	594
6593	641
6108	587
6198	607
5872	581
5618	554
6144	596
5971	591
6400	646
6397	607
6044	594
6137	613
5797	635
5380	577
6089	608
6480	617
5725	617
6335	635
5120	605
5769	496
6174	628
5408	580
2698	578
5839	598
5807	585
5021	593
5708	585
4308	568
4883	599
6060	588
5602	559
6403	624
5636	608
4570	605
5657	616
6127	645
5907	607
6077	622
5386	609
5707	583
5787	604
5717	589
6002	622
6184	611
6197	599
4237	618
5613	606
6256	603
6009	602
6377	611
5750	584
5874	573
5319	592
5629	628
5655	594
6024	663
6091	646
6550	640
6097	635
3690	592
5173	602
6058	611
3437	618
6387	613
6669	530
6379	638
6471	614
6265	645
3079	604
5040	590
5858	608
4108	617
6121	591
5573	576
6141	609
6009	608
5387	575
6169	613
6034	588
6143	590
6269	608
6231	621
6446	623
6758	638
5585	626
4805	624
6505	645
4071	593
6345	632
5556	568
6363	629
6195	625
4820	572
6276	606
6432	622
4820	617
5235	635
6281	617
3925	631
6564	613
5947	635
5636	568
5645	575
5386	585
6709	630
6075	583
5848	595
4774	590
6053	582
5202	566
5937	581
5820	609
6037	591
5942	577
5267	631
3729	613
6004	581
6241	592
6096	591
5468	568
3640	569
6184	606
6679	621
5587	580
6145	609
6043	603
5948	577
5690	637
5103	598
5704	606
5755	594
4478	570
6463	647
5365	617
6237	612
6024	598
5788	606
4426	564
3602	621
5341	618
5244	616
6300	634
5423	627
4076	589
4309	613
5979	616
5781	556
3994	624
4261	580
6056	600
4004	593
4628	607
5409	574
5204	571
5281	617
5896	583
5781	622
6100	608
5991	583
5981	582
6034	627
5930	604
5792	625
3681	600
5522	572
5979	589
4888	561
5984	603
5926	571
5862	586
5407	587
6197	609
5996	575
5745	582
5811	640
4994	579
6006	604
6111	626
5994	576
3589	612
4135	593
6005	619
5314	599
5392	604
5577	558
5882	576
6167	683
6591	628
5518	577
5649	572
5779	571
4342	578
6666	637
6527	631
3943	641
6576	643
6113	614
5800	609
6260	627
6663	640
5942	634
5885	583
4873	594
5649	578
6129	624
6107	569
2690	572
6549	649
5475	572
5912	593
5824	575
3098	576
6436	623
6004	616
4872	571
5980	607
6265	606
5333	582
5652	594
5938	620
6432	654
5932	602
5539	612
6218	604
6009	574
4750	591
6184	609
4670	567
6202	630
6580	649
5953	586
4744	563
5985	598
6393	642
6118	604
6216	593
4215	571
6627	662
6664	703
6548	697
6888	663
4905	649
7044	701
6317	696
7260	713
7148	697
7223	693
6117	684
6797	662
6852	682
6695	649
7279	683
7570	709
5909	631
6381	681
5325	673
7132	708
6387	657
6379	656
7404	719
7339	694
7107	667
6654	633
6679	665
6882	667
5731	708
7506	704
7221	668
6578	668
6964	708
7012	662
7153	686
6954	687
7382	671
6812	645
7056	676
6666	685
7408	718
5910	668
6693	663
6381	677
7298	709
5745	681
6391	651
6350	668
7216	691
6598	685
6469	581
6846	647
7094	695
6459	676
7146	675
7298	712
7303	697
6246	684
6785	649
7397	713
6255	646
6611	697
6374	692
6929	656
6808	690
6966	623
5784	690
3878	740
6602	692
7076	654
7460	681
6431	654
6095	729
6167	672
6788	661
7353	694
6400	699
6666	653
6436	677
3346	678
6770	676
7215	679
7394	713
6185	645
6682	646
6541	642
6390	639
7036	715
6578	654
6961	678
3186	657
6131	594
6640	681
6460	646
5052	657
6035	685
6357	671
7021	682
6963	667
6664	709
6833	672
6956	686
7902	704
5992	702
6489	733
6899	665
7260	693
7013	680
6767	672
6965	672
7635	710
6275	734
6205	661
5480	665
7264	692
7118	663
6439	649
7154	685
6398	651
7237	683
6551	662
7643	709
6152	697
6646	712
7004	716
6909	665
6889	682
2694	667
5430	712
6909	661
7273	700
6755	678
6570	686
7137	697
6603	688
6675	681
6767	686
7086	712
6755	681
6911	683
4072	679
7369	709
7441	777
6688	725
5798	715
5062	669
7077	708
5779	680
6986	689
3886	733
3652	676
4808	697
6579	640
6269	669
7245	715
6967	728
5636	646
6643	683
5947	659
6457	688
6907	669
4764	646
6804	652
6741	664
7174	713
4465	683
6691	691
6628	636
7303	702
6980	683
6694	677
5839	661
6732	672
7181	696
5562	723
5647	672
7045	716
6630	708
6926	657
4638	663
6879	677
5646	693
6682	693
7220	665
5545	703
6043	698
5930	689
7407	701
6888	656
5471	654
6747	664
5383	667
4950	659
6616	653
4488	658
5312	714
6415	651
4410	662
6438	707
6461	670
5896	677
6467	644
3996	663
5641	679
6765	666
6564	661
6435	652
6938	688
5881	670
7143	710
6549	643
3086	610
7416	701
5801	641
6537	669
4605	663
6877	651
7696	703
7416	727
5650	663
7806	717
5633	677
6681	651
6755	679
7189	685
7445	733
6289	658
7119	670
6567	716
7639	724
5670	675
7213	704
5610	680
7175	693
7017	748
6227	709
4592	655
5428	695
6441	677
7650	700
7430	676
5619	665
7397	699
4242	711
4793	642
6344	647
6968	702
6859	686
5539	709
7169	690
6847	698
6133	673
3744	658
4903	718
7374	706
5937	682
7016	676
6574	667
3696	681
2858	675
3885	696
7316	719
6993	666
7315	686
6849	688
6272	669
2711	672
6653	704
6349	657
6818	652
5400	712
7583	714
4926	694
6622	658
6484	643
5235	640
6804	684
7203	675
5401	644
7203	719
7343	708
6400	648
5331	720
6775	662
7161	677
7301	695
6864	673
7380	707
6771	664
6621	707
6660	656
6595	665
6930	686
7128	666
6342	677
3866	698
6606	685
6255	680
6320	656
6180	702
7654	731
5478	680
6403	658
6711	657
6828	662
5484	670
6387	707
6039	711
7221	702
7508	717
6212	684
5300	671
6778	657
7179	694
6835	687
7499	714
6897	654
6295	693
7507	676
6707	693
7050	711
5537	650
6695	700
7202	710
6799	708
6516	663
6906	648
6853	675
6395	678
6037	695
6585	691
4783	638
5702	687
5819	651
7455	684
6760	656
6437	682
7048	695
6385	687
5576	650
7385	710
7337	691
4633	661
5808	665
7205	685
5871	692
6600	675
5048	611
6261	682
4592	649
5497	721
6662	661
6748	695
7558	662
6801	677
4828	683
6593	673
3991	721
5204	646
6451	655
6761	666
6690	683
7255	708
6732	718
7467	709
5729	716
6645	659
7339	715
4947	673
6547	662
6753	678
6801	719
6879	708
7463	706
6803	657
6164	671
2393	658
6489	742
6531	654
4268	662
6758	671
6308	688
7157	733
5374	727
7511	702
6462	646
5184	677
6935	676
7057	719
5487	682
7267	711
7369	706
6576	710
7516	699
6866	688
7358	690
6603	657
7296	719
5718	700
6710	657
6703	671
6780	709
7644	707
6639	700
5305	681
7451	728
6778	671
6067	676
7276	711
6750	682
6536	647
6572	659
5827	657
6496	650
7020	692
6659	647
5850	661
4354	675
6003	664
4678	664
6427	665
6743	733
6797	658
6890	654
7462	707
6182	650
7133	693
5534	707
5432	688
4963	622
6813	675
6817	663
7215	683
3783	627
6924	654
6858	699
4613	664
4631	693
7249	687
7156	697
5336	673
6943	654
5196	680
6909	661
7064	663
6744	651
6570	700
6604	697
6987	676
6463	654
7325	722
5110	635
6439	690
6441	657
7213	709
6514	665
6711	655
6387	682
6793	680
7303	731
6644	715
6409	642
4857	691
7139	706
6771	686
7500	722
7175	702
6101	651
3319	689
7501	716
5939	655
6741	643
5125	655
6244	726
7071	677
6504	645
6848	688
6817	677
7668	720
6678	642
5088	701
7546	727
7172	695
7261	687
7185	679
6984	718
6776	655
6964	661
6257	687
7347	716
6981	638
7224	669
6820	665
7034	672
6058	664
6688	658
6793	653
6423	659
6882	719
7000	664
6539	668
7462	581
7069	682
6765	649
4971	678
7471	677
7403	713
6752	698
6858	704
5903	660
6953	695
6904	653
6927	712
6502	691
7184	700
5223	683
7404	691
7431	706
6377	682
5721	672
6848	657
6101	687
3777	693
6793	725
6854	661
6685	672
5286	682
6583	685
6950	692
7007	669
7287	710
7277	701
7296	668
5320	674
5902	652
6991	679
6713	664
5637	719
6847	658
7366	695
5097	668
6616	671
7489	725
5447	691
7354	691
6795	682
4413	647
7207	696
5388	726
6562	664
6784	689
7422	713
6482	658
7607	708
6702	661
5756	657
6942	730
6367	715
6917	703
6522	659
6964	676
5150	665
7469	695
6697	640
7028	688
6981	691
5330	675
6978	701
7196	678
6320	645
7135	724
3300	709
4716	711
6418	663
5668	659
6731	667
6643	673
6351	680
7314	684
6506	648
6775	664
7235	716
6235	674
7094	657
6964	657
6341	651
7290	697
6466	651
6663	700
3815	721
6580	662
5025	712
7261	695
7422	704
7492	707
6562	694
7473	704
7409	713
6782	698
7042	675
5440	693
7299	718
5893	675
5299	668
6779	659
7341	710
5832	697
6044	656
4427	657
5282	653
5819	706
3853	721
6400	664
6405	700
6184	693
7117	674
6411	690
7269	711
7236	698
5429	718
7040	672
5104	668
6667	677
7359	692
7056	664
5293	662
4290	657
6403	685
6689	672
6931	697
6013	655
6605	649
7443	712
6597	652
6545	705
6549	655
6006	672
7480	701
6935	696
6757	656
5832	712
7745	717
7556	708
5305	684
5847	655
3011	679
6351	650
7257	691
6597	743
6750	655
6683	671
5473	653
6242	668
7029	683
6802	702
6142	646
6891	675
3813	717
7216	700
7525	694
7216	690
6554	733
7157	721
7449	737
6928	648
6869	715
3623	684
6392	654
7523	707
6979	684
5848	682
7429	723
5745	720
7268	725
6996	654
6623	706
7058	683
7175	695
7388	699
4903	2057
6338	677
3488	671
6647	673
6381	649
7189	712
4603	709
6889	626
7140	688
4482	651
7037	677
6724	673
3867	771
5824	717
6085	645
7420	705
3794	651
7536	718
6671	660
7503	696
6836	641
5127	696
6945	675
7237	718
7139	685
6983	672
5790	713
6671	645
6834	715
7331	695
7704	717
3609	655
7077	693
6418	650
7152	713
6659	697
7171	673
7464	703
6797	718
7556	727
7430	699
6796	702
6813	690
6991	712
5448	678
7034	704
6799	706
7227	688
5164	693
6581	667
7124	665
7067	703
7703	688
7257	718
6352	686
6393	690
7486	714
7355	708
6513	642
6550	666
6755	668
7617	716
6541	688
7053	683
6693	670
6462	630
6360	653
7181	675
7834	724
7020	696
6452	706
7381	681
6612	703
6861	656
7299	678
5781	692
6021	763
6130	634
5665	685
6715	660
6025	683
5127	674
7196	702
6994	707
5678	688
6163	665
6245	700
7283	684
7521	709
7042	705
4198	665
4769	723
6296	720
7297	707
5216	657
6609	671
7343	709
7370	721
7189	690
7665	708
7643	704
7293	686
7132	676
6995	665
7014	657
6918	657
6483	667
7347	709
6924	681
6944	688
6434	655
5945	693
6505	705
2937	629
6674	692
7296	673
7816	714
4303	646
5000	699
7447	724
5024	623
7281	706
6913	667
5755	664
6906	655
7069	662
6384	649
6751	733
7165	694
7254	686
2857	655
4206	680
6729	654
6531	676
5890	713
6844	660
7169	719
7224	694
4730	718
4479	627
6764	705
7123	720
4750	664
7139	682
6039	638
6709	703
7648	710
6240	698
7491	699
6303	630
6179	662
6484	658
6492	659
7083	672
2558	724
4502	665
6907	657
6677	673
7620	721
3496	680
6070	730
7229	703
7088	689
6420	718
5826	651
5197	722
6350	695
6213	644
6933	726
6182	660
7020	680
6330	671
6442	660
6206	663
6599	688
6345	709
7052	672
6901	686
6057	680
5349	659
6464	665
6865	648
6440	638
4531	642
6917	666
5013	585
7103	689
6738	670
7084	682
2511	710
7031	673
6879	645
6801	716
7172	708
4190	642
6493	665
5828	688
5658	712
6096	654
6960	709
5865	706
6408	658
7282	711
6094	646
6979	665
6748	707
6700	689
5447	685
7163	684
5277	722
6077	706
7035	677
4430	651
7122	692
7113	674
6440	675
7087	714
6621	672
6144	677
7388	687
6849	679
4853	692
7546	700
6937	702
2813	645
5557	730
6640	724
5693	674
6339	657
6220	654
6033	691
6242	638
6954	653
7171	695
7324	691
7440	691
5963	666
5727	670
6879	654
6535	666
7369	703
6171	645
442	944
6730	687
6715	697
7597	725
6939	670
6710	676
6219	665
6687	718
7542	717
7431	732
6494	654
6242	687
6743	672
6699	667
6196	684
6677	682
6990	663
3770	692
6348	695
6979	680
7709	721
6992	663
3467	661
7072	690
6458	713
7347	718
6275	675
6581	653
5843	698
7018	634
7521	711
6897	685
6534	732
4289	675
7605	713
6564	680
7307	704
7162	696
6542	677
6614	682
6928	687
6901	713
6108	653
6734	684
6950	671
5439	681
6410	661
7269	692
6498	705
6893	668
6251	694
6555	719
6063	666
5404	693
6212	667
4261	668
5694	656
6919	683
6477	660
7148	679
6959	698
7184	697
6963	684
7163	677
7181	686
6697	648
6898	701
5176	655
7166	670
7453	705
5728	670
6461	699
6253	722
6628	659
7623	719
6818	654
7146	684
6756	706
7621	730
8191	763
7647	722
7449	747
6849	794
7599	811
8598	799
7698	718
7740	731
7247	729
7715	743
8191	778
4743	760
6384	762
7685	725
4056	734
8229	798
8157	738
7402	713
6785	728
8037	770
8008	736
7905	716
7283	743
8328	775
7786	775
6976	756
7850	717
6966	762
8107	765
5662	759
7735	755
7438	748
7910	788
7549	729
5994	713
8166	792
4349	825
7348	772
7980	745
5898	730
8131	742
5779	746
7807	753
7072	801
5131	749
7896	755
7764	753
8111	756
6989	657
7815	757
6411	785
7748	786
6863	744
7822	758
6652	692
8134	788
7598	725
7930	779
6391	757
8209	791
7804	753
8505	769
7582	789
8710	799
6140	757
6794	764
7704	729
8458	823
7906	748
7836	749
6495	796
8466	792
7873	745
4810	729
8377	773
7448	724
8107	796
8079	793
6799	720
7909	798
6310	736
7854	752
7851	780
6031	791
7182	728
7089	717
7994	754
7719	785
5632	751
8442	776
7742	748
7573	750
8073	744
6480	799
7425	758
6057	798
7872	781
8610	797
5435	748
7359	769
7939	752
7866	742
7806	765
7422	714
3925	768
7743	719
6032	751
7995	786
7110	773
6316	768
7467	744
6255	781
7138	727
4002	758
7796	741
6999	733
8104	777
8572	786
5840	742
7742	762
7320	752
7300	734
8069	767
8439	797
8723	787
8327	787
8273	784
7637	748
8114	790
6531	752
7728	746
7936	747
8672	800
7869	792
8444	770
7213	747
7395	765
7144	788
6587	743
6258	737
8320	765
8705	771
7841	751
7620	744
7792	761
7215	777
4983	752
7109	779
7178	741
7819	734
7754	730
7016	796
6833	741
7915	768
7580	745
8263	766
7267	769
6395	725
8038	746
5696	800
6436	727
7861	739
6261	731
7975	768
3911	735
7400	788
6286	780
7437	751
6083	743
7721	746
7085	753
7191	736
8154	810
7698	761
6463	733
5942	738
8509	802
6679	719
7441	788
7409	737
4993	728
8101	773
6944	756
6909	794
7570	813
7097	757
6911	724
7680	712
8049	775
7670	789
8069	773
7409	755
6970	758
4461	775
7754	735
6607	722
7709	742
7895	736
4734	757
8620	791
7838	713
8069	731
5040	726
7692	804
6732	777
8682	790
8438	778
7682	721
8217	766
8540	783
5699	715
7271	723
7778	732
8289	767
7886	776
7836	759
8068	749
8002	738
8594	787
8287	752
5397	730
7761	729
6645	727
8093	749
7812	718
6454	752
7853	799
7288	746
8172	766
8565	766
7755	739
5729	733
5832	728
8585	766
8222	778
7871	742
6797	761
7319	737
7191	774
7261	754
8009	763
6756	768
7957	782
8289	778
8466	759
8190	776
8374	785
4780	879
8608	765
7641	779
6966	758
6265	782
6593	791
7667	751
7956	713
8251	762
8041	744
5606	629
7191	760
8409	753
7289	795
6319	778
3358	746
7957	732
7421	722
6710	787
8474	778
7443	781
7221	714
8139	788
6212	716
7856	789
8202	796
8166	762
6920	790
7632	725
7494	718
7765	660
7414	745
8383	773
7603	747
8146	767
7085	748
7316	742
6908	718
8426	773
7012	730
8475	792
5790	796
6912	768
6364	759
6447	733
1241	682
7627	770
6114	807
8156	743
6697	799
7694	750
5874	726
5224	778
6939	776
6032	761
8302	797
8228	768
8245	782
6222	740
7979	786
4160	766
7741	732
6426	720
7612	756
7914	762
7610	743
8099	761
8395	791
7337	718
8164	762
7948	762
6507	743
8406	765
8180	750
6808	737
7320	734
7943	738
7538	717
5796	797
7478	738
7972	744
5286	776
5549	787
7758	739
7051	720
7971	789
7134	749
7746	711
7425	733
8321	802
7330	727
7058	771
8344	782
7829	773
7767	761
5868	764
6944	786
7103	755
7895	737
6727	740
7486	736
5648	772
7956	752
5012	744
7413	759
6511	741
7632	760
7196	740
8421	767
6372	757
7786	732
7155	727
5915	739
7813	726
7518	734
7068	729
3045	775
8431	783
7233	775
7383	740
6606	761
6786	732
7438	728
6905	786
7123	756
4475	725
6271	760
4731	790
7952	780
8049	738
6693	749
7652	745
7517	781
4225	773
7362	730
7677	744
7575	750
8496	774
7091	739
7852	722
8155	773
4648	699
6541	810
7898	769
8537	796
8607	809
8476	796
8518	790
8557	791
8485	790
7555	753
5370	720
8221	756
7390	751
5824	780
6183	726
6746	757
7858	744
7890	729
8365	797
5864	797
8067	777
7847	771
7560	722
7427	739
8101	760
7792	775
7779	725
8261	797
7700	789
6899	758
7819	734
7287	721
4316	739
8145	751
7896	709
8115	779
7907	786
5672	767
8442	849
7801	791
7716	725
7858	756
8073	802
8182	764
7659	726
7377	753
7663	717
6747	743
8164	753
7721	757
6962	726
7695	709
7574	754
8018	770
7898	793
8069	745
7515	767
7724	725
6868	732
7367	770
6180	749
8111	765
7576	732
7501	740
8262	772
8171	753
8730	786
8517	776
8192	768
7594	745
8404	771
7267	721
5880	766
7733	722
7269	740
7488	726
7555	750
8468	782
7993	739
8078	742
7578	741
4255	757
8007	777
7202	716
7161	745
5713	779
7623	730
8452	755
7453	740
7985	744
8118	786
8350	786
3072	779
7310	728
7624	740
8049	787
5757	793
6394	772
7896	763
7657	727
7761	709
8570	792
6482	748
6576	790
7722	733
7268	745
8100	757
7383	712
7908	785
7711	739
7472	785
7512	814
7978	786
8180	743
7666	771
8273	767
6441	751
7820	730
5866	792
4029	730
7109	744
6786	719
8077	780
7451	764
8201	798
7929	789
8051	755
7826	774
7123	723
3992	785
7297	749
7742	732
6585	756
5875	773
3980	763
7673	738
7600	803
6112	788
8060	774
5138	754
7024	727
6652	712
7286	740
5954	789
6748	764
6357	774
5343	730
7834	764
5703	850
6244	769
6093	771
8521	799
7641	750
2235	727
6998	754
6837	739
8524	793
7952	750
7144	742
7407	763
6067	794
6005	730
7590	769
5797	820
7558	731
5606	735
7680	759
8346	766
8048	742
6291	792
7719	731
7734	788
7972	754
8109	742
7861	788
3289	816
7011	780
8731	779
5579	753
8387	786
7043	713
5261	736
7576	767
7454	752
7804	796
7486	765
7688	727
7892	789
7831	776
7721	729
6767	715
7743	776
8184	755
7720	752
7364	735
7147	763
8015	789
3917	730
4701	748
4149	736
7789	789
6289	788
5918	705
7650	772
8452	766
8036	784
7516	782
5149	751
7680	746
5663	731
8433	764
6771	750
6509	737
8250	759
7714	753
7657	767
8358	801
5720	728
7404	729
7723	724
7749	758
7469	751
7598	769
7906	737
5932	733
7684	742
7766	782
8407	794
8066	773
8331	789
8255	773
7125	758
6824	785
8120	756
7964	769
7858	779
6164	757
7858	753
5866	719
6312	727
7819	762
8248	778
8152	801
6270	759
8207	756
7998	768
7801	760
4253	732
7591	712
7629	733
7879	795
7608	719
7436	787
7183	763
7650	776
7787	764
7050	739
7861	758
7659	727
8135	769
8334	808
8116	758
5580	748
6746	749
7525	627
7865	740
8352	785
6374	788
7400	761
7744	730
7864	720
6332	682
7942	785
7458	751
7947	788
6132	719
6852	807
8234	791
5890	752
7104	783
7951	737
6201	748
7519	757
7689	740
7505	716
7074	793
6173	764
8012	730
6645	740
6478	735
7813	756
7248	769
8291	788
5802	788
5456	747
5561	775
8470	716
7618	751
6593	753
7556	731
7300	747
8032	783
7875	737
8237	753
7726	748
8537	797
6747	749
8009	794
3110	785
8517	767
6093	708
5721	735
7571	770
7767	738
6785	731
6954	793
6899	741
7674	719
7843	710
6249	735
8448	780
7006	756
7798	759
8095	748
4287	795
7847	750
7149	778
7851	781
4882	778
8251	779
3555	765
8309	750
8318	797
4556	770
6889	760
8372	772
8079	777
5762	739
7138	724
8201	784
7680	721
7696	765
7860	733
7975	784
8205	770
4251	760
6056	760
7921	739
6582	739
8002	770
5424	735
6809	746
7868	744
7472	763
5265	733
8019	749
8386	750
6910	786
6604	744
8321	325
7333	753
7324	754
4796	715
4208	754
7683	788
7234	786
7462	781
7023	719
7376	761
7317	719
8166	756
8223	978
8247	754
8018	757
6258	773
7647	714
7476	746
4657	763
8256	762
8555	800
8649	797
7780	722
8006	761
8518	805
7483	735
7330	725
7644	729
7601	712
7778	741
7692	751
6990	752
7481	729
4378	729
5913	727
6473	805
7964	778
5300	742
8152	763
8329	760
8034	780
7354	730
7607	773
8096	778
8263	768
7211	728
6726	782
7863	746
7867	793
7218	742
8227	777
6357	784
8100	766
7759	742
7314	783
7377	713
7690	740
5071	792
7506	721
4852	752
8108	735
6717	730
8257	781
6637	763
5103	763
7615	750
6726	724
7940	775
8457	793
7798	764
7368	768
7832	789
6686	739
5296	815
7534	743
7813	745
6586	772
5339	779
5715	768
5739	728
7493	771
7631	728
6911	746
5496	729
7765	776
6941	755
8429	772
7454	729
4582	870
7930	746
7472	778
6278	788
7092	775
6724	721
8323	773
8318	774
8390	780
7713	741
7926	748
7365	744
7912	736
3769	789
7986	750
6561	774
7259	738
8234	775
7173	729
7708	745
8683	805
5879	743
7916	811
7634	767
7614	767
8357	784
8115	775
7269	782
8165	785
8036	785
7856	728
6708	787
7762	734
5510	737
7911	744
7528	764
7599	762
6366	733
5243	773
7946	772
8150	786
8433	774
7224	760
8129	789
7812	768
7902	754
7498	757
7742	711
8383	805
8340	778
5695	774
5220	733
7767	656
7818	762
8541	783
7732	762
7632	748
7913	768
7672	742
8192	807
7871	759
8091	796
7532	738
8100	756
8379	775
7447	722
8430	780
7906	795
7627	729
4857	790
7859	749
6873	737
8104	786
7176	751
7113	664
3750	814
8377	788
6737	730
7734	732
7911	762
8001	785
7973	756
8050	766
7917	767
7425	755
8459	806
7183	730
5895	767
8388	768
7654	730
7445	740
8061	2315
7944	807
8192	791
5972	736
7678	772
4189	786
6668	768
7733	776
4638	739
8477	797
7995	746
3937	892
7422	734
7831	740
8080	781
7977	739
6966	771
8196	761
7579	756
8012	783
8301	754
7762	708
7700	732
6698	776
6760	724
5188	746
8283	791
7643	736
8414	804
8148	774
7703	787
7810	792
7790	728
6940	736
6721	739
8189	747
7099	745
8187	750
8015	770
7284	1991
7898	742
7996	734
7831	765
7846	786
6809	727
8030	757
7162	747
4587	759
7307	763
7204	710
8205	757
7655	806
5700	757
6999	754
7887	755
5163	755
8277	783
6859	751
7905	816
7847	748
7382	759
5359	751
7279	766
7832	765
8065	791
7792	712
7905	785
7648	743
7975	745
7270	744
2816	719
8280	769
7828	780
7659	772
6568	855
4158	826
8313	872
7651	805
8790	856
8453	827
7674	794
8773	807
8558	843
8960	824
6879	860
5433	797
7819	852
7869	822
8355	838
7981	794
9220	881
6769	832
9420	858
8916	859
9316	874
8787	821
8417	821
8390	815
7195	850
6625	867
9444	862
9160	840
9456	860
9060	852
9104	847
5944	812
8059	859
8513	838
3889	868
9402	853
8266	892
8774	831
8837	818
6380	828
8695	813
8615	864
6041	839
8481	857
8792	840
9110	873
9064	835
7067	895
8656	822
8599	813
8587	834
8758	825
8212	829
9245	858
7610	852
8474	739
8351	799
7906	848
8789	795
9429	868
8909	855
8323	793
8604	844
9464	854
7121	827
8278	806
8835	839
6906	860
8661	807
8765	799
9271	861
9073	835
9010	828
9102	874
9103	848
8633	796
9234	856
7749	821
8731	818
8657	824
6529	825
8852	837
5244	863
9232	861
7498	816
7733	820
7505	874
8672	839
6847	829
8483	834
8280	819
9495	851
8902	869
8846	834
9124	840
8129	868
8758	801
6694	844
5647	838
7637	835
7369	822
8443	803
6258	827
8737	865
7738	821
8596	823
9055	826
8996	818
8159	818
9279	841
8829	838
3112	822
8416	795
8447	825
8391	803
9219	862
6874	863
8897	828
8826	797
8443	876
8658	818
9404	776
8033	815
7479	869
8749	816
8168	839
9523	955
8402	863
9269	840
8356	859
8813	840
8961	815
8722	809
8234	818
8771	854
4371	810
9480	858
8370	820
8314	828
9004	854
9043	842
8646	800
9377	839
9038	833
9234	859
8835	810
8531	840
7712	815
9328	875
9053	850
8366	796
7781	843
6875	853
9640	887
9030	838
7766	842
7916	832
9461	874
9035	863
8498	822
5984	816
9090	813
8974	856
9076	852
8684	861
9193	840
8854	823
5155	813
8463	826
7721	848
8104	810
8435	829
8004	842
8961	819
8156	789
8034	843
8545	847
5250	793
7514	829
7803	820
8784	801
8673	849
8836	848
8818	837
8478	836
8712	820
9165	867
8549	792
8117	806
8692	827
4812	872
8499	827
9758	872
8212	827
8637	821
8583	793
8658	819
7413	828
9060	857
4812	865
6155	834
8047	881
6162	856
4896	827
6414	855
8360	836
4873	806
7223	833
8788	843
8909	841
7959	888
8682	810
6615	801
9356	842
8760	829
7813	845
5103	838
7429	841
8670	813
8306	791
5848	869
6171	832
5382	845
3403	865
4095	835
8758	885
9064	806
9363	851
9285	862
9002	848
9044	855
9041	840
8723	865
8490	803
8993	850
9201	846
7226	836
6291	820
9317	881
8926	853
4910	810
8031	839
8579	823
8724	818
7161	728
8837	803
7618	802
6448	827
8006	820
8205	791
9061	825
7334	846
8342	816
9339	877
7009	814
8974	823
9082	864
8806	838
8796	837
8015	808
8224	827
7406	876
9868	875
9272	883
5697	849
7726	816
8876	833
8149	857
8342	853
8532	786
8594	818
8666	791
9229	864
7513	863
7111	882
8736	821
8381	789
6498	851
7499	836
8248	822
8584	826
8788	807
6796	860
8792	867
5690	828
5994	818
7239	785
9138	843
7121	875
9201	838
9472	856
8860	847
7848	826
8783	828
8772	871
8915	814
8664	823
4942	843
8116	892
8458	813
9192	865
6708	866
7999	801
7649	828
7104	855
5454	867
9196	820
9228	850
8901	855
8415	822
7866	844
8360	808
9381	783
6433	863
8698	868
8379	796
8003	827
7024	802
9457	876
9048	868
7067	833
7830	848
8488	818
8164	848
9077	876
8346	823
8702	807
8597	810
9245	841
8400	818
7693	788
8447	823
6631	842
8815	856
7751	884
8131	829
7987	856
3976	807
8672	804
8562	819
6498	803
7398	790
8734	836
8600	808
9128	877
8461	867
8462	835
9566	872
9301	871
8524	818
8418	842
8056	831
5724	853
8992	873
8504	847
8220	852
5151	858
8421	826
7212	831
7807	854
4771	869
9005	822
7178	884
8134	846
8634	824
6746	832
8886	867
9069	849
5163	843
8695	863
9155	865
8595	820
8703	840
4153	851
8957	855
8792	836
7146	802
9458	804
7995	795
4070	843
8415	804
9092	865
4261	849
8773	831
9093	841
8932	793
8543	836
8430	823
5754	829
8336	809
5727	823
9201	896
9165	874
8840	846
9080	836
7334	810
8594	868
6863	819
9231	867
8461	848
8956	804
6942	818
8787	824
8849	829
8728	745
8500	837
7720	841
8153	804
9023	840
9316	840
8352	841
6297	817
5155	789
9038	908
7220	853
8512	813
8624	852
9137	842
8923	834
8791	887
9120	858
7799	853
8918	854
9134	851
9414	844
9096	848
9104	1189
7724	849
4837	827
8458	871
7638	821
8091	814
6432	804
9012	819
8761	831
8840	847
8680	856
8845	825
9024	866
6726	850
6889	848
8577	871
7312	854
9056	887
9429	880
8981	875
6332	862
8554	801
7306	835
8723	827
8395	819
7332	815
9287	859
8345	834
7579	837
6774	836
9595	855
8150	816
8775	819
7857	862
7992	857
5986	808
7148	851
9321	841
9149	854
8313	794
8590	805
8534	861
8531	822
8156	843
8802	801
8686	833
4634	856
9276	853
8088	851
8038	797
9263	864
3763	881
8119	834
8941	827
8053	824
8533	815
5914	847
9501	880
8684	862
7864	873
6752	808
7273	865
9091	831
8890	860
8991	844
6248	849
6584	815
8853	818
6963	866
8811	858
9490	850
8664	860
8032	831
7685	868
9218	868
8498	811
8915	892
8428	802
8439	859
9004	820
9216	844
7430	845
9297	847
6528	836
8545	813
9557	853
8676	830
9176	846
8325	846
6795	861
9358	850
7223	804
7164	794
5531	853
9162	842
9193	844
8042	783
8206	807
9078	869
9246	871
8270	802
7718	816
9398	858
8907	846
7991	835
7463	866
8335	798
8357	841
8393	815
9427	867
8114	812
6902	848
8475	874
8725	1026
7419	845
8075	849
9549	884
9011	859
8651	826
9486	865
8717	842
7591	852
8638	794
7640	808
8968	862
8743	850
8493	810
5531	754
7885	811
8820	807
7879	841
9250	900
6176	849
9013	846
8816	859
9203	828
4769	828
8165	789
9303	872
9088	861
8660	850
9237	853
8184	817
7611	803
6321	823
7539	795
6910	813
7074	867
8880	838
9191	788
8117	829
7244	787
8696	849
7880	800
9377	859
8654	817
8157	854
8576	846
5763	806
8486	805
8066	806
6002	853
4378	812
8171	805
4447	783
9430	879
9564	880
9158	834
9077	857
5889	819
8501	812
8716	813
8905	828
8738	822
9330	823
7834	806
8785	822
9323	854
8769	809
6023	790
4323	788
9130	858
8871	848
9307	828
5364	888
8857	866
8396	811
8176	839
8802	852
8222	865
8828	831
8817	821
7966	803
7111	865
7458	815
5383	827
9476	865
8308	883
8846	856
8481	808
9183	831
8692	829
8879	828
8786	804
8783	813
9526	857
6242	870
8803	825
7856	827
8782	823
6405	709
7436	821
8247	842
8442	839
8453	835
9215	868
9444	885
7778	824
7081	832
8575	809
7875	829
6136	812
8013	881
8993	797
8433	874
8441	831
6982	833
9266	868
9063	861
8975	872
9296	836
8398	847
6213	816
8339	807
8951	857
8272	834
7980	855
7578	866
8325	815
8729	832
8469	792
7512	832
5987	866
6226	830
7297	887
6102	837
8835	836
5432	809
8541	869
7428	805
6376	793
9090	846
8419	859
8047	791
8671	809
3853	816
8557	758
8293	856
9492	862
8228	812
9017	850
7944	826
4606	852
8421	815
9033	854
8499	845
9308	845
7755	831
8859	858
8172	833
9432	900
8913	830
9445	873
8005	794
7753	836
9464	853
7506	809
9285	852
8190	819
7378	846
5878	840
8948	847
8329	843
8444	801
8840	829
8758	848
8297	808
5987	852
8948	845
8244	853
8659	814
8982	820
8687	808
9085	848
6206	810
8503	805
8222	876
8660	830
5890	790
9044	859
6844	869
9112	828
7887	861
8944	866
8203	850
5109	787
8840	816
8624	848
7754	818
7349	840
7677	843
8546	790
8799	815
5158	806
8417	799
8539	852
6900	804
9181	842
8460	839
9226	859
6839	835
9361	851
7901	854
8032	854
8710	827
8650	845
9491	825
5159	857
8492	803
9296	854
7255	830
8667	812
9315	864
6301	807
8498	827
7634	828
4357	830
8702	824
8406	847
8462	843
8538	853
4933	813
8790	836
9388	853
9017	830
9429	860
8497	821
9051	874
8564	814
8061	832
9110	815
8782	838
8261	821
7710	819
6890	849
8854	814
9242	873
5986	801
7289	809
8801	790
8615	865
8220	851
7992	838
9009	843
7563	849
6976	820
9322	881
8607	825
4274	818
9130	823
7823	811
8013	855
8963	854
4945	785
8369	881
8401	832
8488	816
8029	844
8727	858
8725	839
8782	870
6680	843
8587	798
6240	846
7389	815
9308	868
8831	812
8301	810
9117	853
9450	880
6233	867
8061	822
7885	818
9171	849
9362	853
8232	802
7386	835
8286	786
8914	717
9144	860
8814	841
8393	824
8925	842
8773	802
8594	822
8745	858
8843	859
6858	842
6377	856
7950	837
9132	853
7227	835
7683	787
8841	840
8415	824
5264	843
9203	838
8921	859
9106	850
8185	829
9204	859
8669	857
5156	789
8234	812
8830	835
7009	867
4625	843
6637	791
8746	807
6252	800
8355	816
9017	852
8637	803
8762	818
7228	861
9154	873
8325	824
8657	818
8076	788
8931	833
6603	797
8773	820
6215	801
8584	817
8942	843
6948	841
9142	874
8471	851
8676	806
8482	818
8926	835
5241	800
9123	854
7843	818
8554	829
9454	862
8946	853
8844	793
9049	834
9315	861
8504	813
8115	848
7885	806
5762	813
8656	806
8054	789
9310	885
8408	800
6873	814
9008	851
8157	841
5449	832
5549	785
9164	863
9525	867
8777	811
8534	825
6725	809
5460	830
8560	881
8282	791
4530	823
8472	806
8496	809
9304	851
8647	841
9143	841
7073	806
8599	805
7745	815
8528	861
9178	855
9242	867
8194	795
9626	836
8955	853
8091	815
7847	882
7125	843
5423	854
8506	814
8615	817
9125	841
9457	867
8651	803
8487	805
8473	834
8194	838
8615	800
8565	819
3596	876
8503	826
7821	848
7436	852
6878	840
9161	821
8407	784
8944	825
8065	868
5862	886
8212	802
7113	799
8160	837
9367	865
8676	822
9152	866
9246	863
9282	869
8702	829
9220	841
8433	813
4390	805
2621	881
6326	813
9014	841
8223	829
9054	861
8154	840
7345	814
9048	822
7700	817
9372	863
6377	857
8299	803
7987	818
8283	819
8631	833
9047	861
8598	829
9024	840
8615	823
8091	819
8408	848
6870	801
6641	834
6061	809
8406	854
5395	820
6467	834
8573	805
9141	860
9521	864
8750	823
7501	822
5121	817
9527	853
8611	804
8937	851
8569	812
8818	837
9256	846
8744	858
6803	845
8592	829
