0	0	980	20000478
0	1	980	19721100
0	2	980	19505215
0	3	980	19367533
0	4	980	19438897
0	5	980	19730689
0	6	980	19483138
0	7	980	19669449
0	8	980	19454525
0	9	980	19448134
1	0	29222	281259
1	1	29222	266117
1	2	29222	266499
1	3	29222	268272
1	4	29222	269946
1	5	29222	268695
1	6	29222	269466
1	7	29222	267617
1	8	29222	266808
1	9	29222	268143
2	0	4601	583474
2	1	4601	555487
2	2	4601	554898
2	3	4601	554294
2	4	4601	555365
2	5	4601	553016
2	6	4601	556702
2	7	4601	553748
2	8	4601	555105
2	9	4601	552151
3	0	654	2411906
3	1	654	2466956
3	2	654	2419658
3	3	654	2377647
3	4	654	2368516
3	5	654	2430099
3	6	654	2428832
3	7	654	2390690
3	8	654	2384845
3	9	654	2362518
4	0	302	137776
4	1	302	114832
4	2	302	114633
4	3	302	130419
4	4	302	114585
4	5	302	114745
4	6	302	114656
4	7	302	117083
4	8	302	114659
4	9	302	114818
5	0	2342	6937
5	1	2342	4832
5	2	2342	4742
5	3	2342	4758
5	4	2342	4743
5	5	2342	4748
5	6	2342	4753
5	7	2342	4761
5	8	2342	4743
5	9	2342	4759
6	0	80	6500
6	1	80	4070
6	2	80	3887
6	3	80	3878
6	4	80	3880
6	5	80	3884
6	6	80	3886
6	7	80	3887
6	8	80	3880
6	9	80	3877
7	0	270	562701
7	1	270	388049
7	2	270	388113
7	3	270	388932
7	4	270	389432
7	5	270	405278
7	6	270	385286
7	7	270	386115
7	8	270	389272
7	9	270	413507
8	0	240	917
8	1	240	549
8	2	240	549
8	3	240	547
8	4	240	540
8	5	240	538
8	6	240	536
8	7	240	545
8	8	240	537
8	9	240	538
9	0	17492	99373
9	1	17492	92512
9	2	17492	92339
9	3	17492	94200
9	4	17492	92452
9	5	17492	92557
9	6	17492	92293
9	7	17492	92400
9	8	17492	92640
9	9	17492	92682
