1024	768
322	487
1634	1015
1132	788
1159	850
761	650
1141	812
1435	933
1687	1043
1732	1059
1219	887
1203	844
1153	796
1348	919
1279	862
779	647
989	760
1559	971
859	682
941	783
1692	1058
1015	795
1410	982
972	750
1035	1115
1649	1053
1534	960
981	745
977	729
1234	875
1802	1037
1444	982
1690	1077
1540	978
979	739
1612	1005
1519	980
1699	1058
975	788
1295	888
1072	820
1590	993
1247	837
1004	789
253	442
908	690
921	686
1453	942
961	697
532	535
1131	806
795	623
1933	1168
1165	823
1342	943
1693	1029
648	587
1454	921
755	650
966	788
994	755
1737	1068
869	690
766	662
1874	1130
681	601
1458	965
1131	797
955	789
946	705
1032	738
1733	1085
972	707
1530	991
1078	837
1150	823
1045	768
1265	872
761	652
999	781
1676	1109
900	696
498	565
1590	989
1189	785
1033	719
1405	925
1163	849
1251	854
1674	1085
1290	894
766	625
1637	1013
1281	898
1187	829
1151	842
1343	911
979	757
1059	757
1220	805
1768	1047
947	679
1569	975
1073	792
1090	772
831	665
1068	721
1030	718
1042	746
1097	800
1201	820
1736	1146
1244	844
1209	843
1775	1070
981	702
1870	1118
722	646
1319	903
1003	763
1450	915
1664	1025
1759	1119
1055	773
1226	841
1036	781
1131	793
1242	883
1258	852
1672	1009
1634	1018
1559	959
913	732
726	624
1513	979
1085	791
1596	977
1802	1113
1110	811
982	750
1413	906
1429	949
1193	822
1210	847
1030	772
1557	974
911	735
1328	935
692	620
1545	979
1171	817
1161	800
1024	762
1597	1061
1295	848
1582	1033
719	625
807	643
1410	917
1353	916
1012	747
1449	923
1256	888
1270	904
1116	829
1470	954
1065	808
1726	1071
1153	851
1108	805
1218	834
1039	763
953	744
1228	774
936	725
1377	896
1082	807
1105	784
1069	730
1087	813
1205	807
763	632
1119	914
955	732
784	664
1115	777
1622	1042
1957	1149
1494	951
1125	815
1678	1006
522	558
780	641
1468	901
1151	776
1212	809
1535	871
810	618
1495	942
1148	787
1149	833
969	759
1339	901
973	730
1155	840
1056	793
995	826
861	716
1440	968
1479	948
1209	856
1287	858
1037	795
1315	867
1283	857
1044	758
1628	1036
1236	851
590	585
1220	844
1201	854
964	727
1205	812
1449	917
1044	768
1280	875
1111	791
1058	737
1361	903
1005	765
1726	1097
1819	1067
1556	1020
1106	793
997	778
1318	854
856	688
1017	768
986	751
1744	1086
1670	1038
1394	944
649	677
1274	864
1440	957
1017	752
1004	735
1363	891
1358	873
1312	892
1041	773
1029	732
1223	903
1134	830
1000	739
792	696
1437	958
1408	882
1185	869
1788	1091
1367	942
817	712
1067	778
1889	1121
1836	1107
1162	802
1501	993
1829	1087
958	758
879	653
1722	1119
1130	785
1003	725
974	686
1005	767
1609	1035
1054	799
1493	923
1102	771
1034	730
1045	779
1334	920
1145	788
618	621
1846	1118
1389	883
1619	1019
690	600
1631	1034
949	731
872	708
1123	800
1295	896
728	630
1789	1077
1074	782
1223	859
1091	789
1102	779
1367	891
1372	910
1139	796
1020	787
970	682
1188	855
959	746
908	728
1657	1072
717	669
1525	966
1437	1001
953	697
877	684
772	646
1590	995
826	662
1702	1049
1927	1178
1815	1074
1036	775
1291	834
1775	1071
1501	956
1098	781
1222	820
1504	941
1175	865
1029	742
1263	854
1096	777
1168	778
1092	792
1285	868
1733	1086
1341	899
1533	958
1541	1007
1523	981
1127	774
1058	808
1031	769
1727	1077
488	532
1356	884
1587	1021
811	636
1195	872
1070	780
1078	760
515	518
929	754
922	698
664	656
1242	872
1084	783
1238	886
1182	843
1436	1007
1124	789
1597	1063
1045	785
1469	943
1416	915
1711	1095
1314	830
1246	860
918	764
1534	1019
1183	824
1080	741
983	762
1592	996
989	784
1385	982
1038	735
1264	861
1212	809
1803	1089
1203	833
1210	843
999	787
1744	1076
994	708
1375	882
1565	939
1530	996
1563	973
1135	781
1295	857
918	697
876	748
1420	930
1276	850
1169	831
504	551
1374	932
1141	853
1334	856
1100	753
1848	1150
731	592
1223	848
1636	1033
1190	839
1264	836
1258	848
847	694
1049	744
890	681
722	615
1373	947
1378	926
1381	951
1398	873
985	748
1434	933
1867	1168
1748	1103
1564	983
1006	752
1857	1083
1506	982
1009	760
1167	841
874	757
1066	799
1449	961
1500	918
1083	824
896	712
1499	958
1404	926
1198	869
1356	914
1424	949
1734	1139
1284	875
1430	912
997	734
1465	1009
1481	975
1418	887
1367	919
1197	825
1867	1157
1560	996
1306	900
1302	899
1483	971
1208	854
1404	900
1642	1077
1548	1010
987	732
1198	832
902	725
664	602
1753	1072
1141	805
1041	760
1091	803
1193	820
1078	784
1137	798
1298	822
1119	786
916	695
1482	967
1786	1033
1000	703
1252	861
1536	979
1225	828
884	749
1178	828
1134	832
1380	906
1029	814
1006	787
968	829
1288	943
1461	955
1227	884
1735	1079
1184	851
1256	846
1054	759
1500	994
1465	941
1359	921
1557	941
1605	1062
1421	918
1708	1078
843	750
1439	1033
1498	1000
1403	978
1441	980
1211	841
1609	1066
1393	899
1663	1049
1012	757
579	571
1410	914
1787	1133
1058	862
1940	1133
924	728
945	722
996	776
1088	797
1681	1027
1458	988
1167	828
1155	793
1249	846
1900	1210
777	656
1669	1032
1323	932
792	664
962	757
1183	824
1354	912
958	707
1255	883
949	695
1313	871
1718	1066
1313	896
1569	1015
1280	870
1198	739
1041	770
861	693
1541	983
733	658
1301	846
822	628
1151	862
1359	906
1414	914
1433	928
1660	1084
1020	786
1207	837
835	698
1789	1107
1696	1040
915	730
919	747
1349	855
1403	946
1328	911
996	759
1799	1135
1225	851
1512	1007
970	731
1637	979
870	701
1382	893
1069	787
1241	868
1294	966
1025	797
963	761
1112	802
1588	1048
1535	1045
1623	1082
1921	1147
1176	892
979	782
1400	942
1072	802
1552	1066
990	749
1030	782
956	737
1109	799
884	722
965	782
1001	796
822	704
868	678
970	717
969	719
1059	787
1099	879
1136	807
1003	743
1038	765
984	717
1128	853
1427	954
1107	801
1146	779
666	647
1631	1024
1757	1087
1479	1022
1119	827
1706	1074
1427	961
1548	956
1257	853
1444	936
1394	939
1495	976
1291	863
651	692
1383	915
1079	796
1227	832
1487	994
1754	1112
1617	1053
856	703
1414	921
645	606
779	673
1620	1055
930	732
1947	1159
1147	817
963	691
1071	755
1342	876
1141	817
876	707
1214	834
1047	787
1369	936
962	769
1610	1049
1343	891
978	766
1641	1066
1112	780
1812	1098
617	599
1971	1190
853	687
1660	1068
1368	854
1124	828
1088	792
907	696
1707	1065
1452	940
1573	1000
1434	933
878	694
1114	806
1278	923
1438	951
1637	1038
1075	806
1579	1010
1452	938
1066	787
958	705
1253	860
1580	1046
1385	986
1723	1057
840	643
1324	898
1734	1107
1578	1027
538	566
1354	944
1138	839
1247	854
1792	1082
986	741
1182	856
861	647
802	689
845	709
1134	833
1237	902
1818	1084
982	724
1279	885
1341	899
1077	802
1553	952
1112	796
1059	738
812	660
1497	923
872	679
1198	832
1542	987
1241	824
1139	828
1383	914
1323	887
1272	850
1400	929
1161	790
899	704
1101	827
1200	837
1296	926
1035	721
625	630
1475	935
1571	1070
1447	931
1632	1037
1071	761
699	605
1169	876
1028	728
1134	814
970	762
1180	826
1135	824
1028	761
1546	935
1223	851
1247	897
963	760
1900	1195
1114	818
1328	894
1593	979
1133	776
1141	788
1020	797
1203	829
1006	743
1036	768
966	724
1160	831
1575	1041
1038	811
877	680
1034	770
1105	822
1273	896
1091	831
1768	1064
1640	1027
1750	1067
1593	1009
1550	1017
993	681
1310	903
1131	848
1140	833
1248	849
1793	1117
925	720
1504	993
1327	881
1013	735
1486	968
1228	840
1008	749
1644	1060
1468	959
1097	755
1377	927
1724	1073
1118	815
1311	876
1907	1086
1536	942
1220	803
1105	780
719	665
912	733
979	728
1889	1103
1009	739
1028	726
798	670
1783	1090
1072	772
927	712
837	660
1241	865
999	771
1004	721
1504	998
1636	1050
1355	956
959	728
1075	800
1178	813
1473	891
1024	761
1542	962
1466	947
1017	740
1674	1066
1297	839
1267	871
837	650
426	608
1630	1007
1207	818
1694	1077
1774	1097
1459	939
1067	761
755	643
1243	859
1112	761
1199	831
1214	860
1454	982
1149	805
1079	773
1240	861
1527	1044
1801	1045
978	748
1448	939
1299	826
1073	753
1398	930
893	685
1073	776
1168	801
1578	1060
733	605
1389	994
733	601
930	721
1642	1016
1684	1038
1240	849
1131	821
1020	817
936	702
1316	802
1547	968
1623	1048
1016	781
1155	777
965	708
1132	820
808	674
977	741
1244	850
1032	739
1606	1037
1141	826
1536	961
1243	831
1692	1082
1057	818
1476	917
1422	928
1444	959
1357	954
1069	756
1132	822
976	690
878	712
1159	831
875	665
1544	1014
1144	806
1373	900
1046	799
1206	832
1029	749
1538	985
1145	800
562	598
1367	875
994	729
968	812
1499	943
1557	1039
1412	994
1164	833
1181	866
1020	784
1036	720
1086	797
1209	827
1012	791
954	711
671	601
1161	809
835	787
1479	985
1515	947
1354	893
1478	948
1429	907
1660	1048
1143	793
1884	1138
1466	974
1568	1009
1148	811
1516	958
311	547
983	768
1091	778
953	717
1281	897
1493	997
1119	847
523	556
1850	1132
1306	876
1584	934
1735	1060
1023	719
1154	761
721	624
1559	976
1623	1072
506	545
1625	1037
1051	722
893	711
1314	923
852	660
1223	883
1235	856
1649	1056
1140	821
1865	1133
992	744
1745	1077
976	718
1438	911
1728	1053
1166	839
1128	793
1133	819
1458	934
597	622
1870	1144
1199	832
933	750
1490	996
1066	762
1048	754
1517	953
1259	857
1399	926
1104	825
854	666
1665	1030
973	701
1758	1147
1615	1048
1295	871
1096	766
1033	761
1130	815
1181	804
1050	790
1028	734
899	754
1167	801
1136	820
830	686
1008	729
1005	757
769	688
805	660
1274	982
1038	788
882	687
1573	987
1015	755
1346	882
1002	731
1042	790
1840	1115
1716	1071
936	712
1059	746
1779	1097
1063	811
1360	913
1661	1017
1649	1040
1354	878
994	761
1557	987
1315	913
1229	827
1518	939
1431	947
776	648
2368	1406
2709	1489
2060	1256
2135	1234
1915	1110
1941	1186
2088	1163
2099	1205
1762	1163
1751	1089
2365	1376
2013	1194
2172	1253
2117	1246
2695	1494
2109	1272
2279	1406
1896	1119
2453	1429
2372	1315
1725	1136
1984	1213
1432	981
1887	1139
2216	1282
2212	1314
2121	1197
2326	1287
2240	1372
1660	1036
2084	1295
2231	1313
2370	1390
1991	1170
2518	1408
1981	1199
2324	1320
2122	1269
2590	1375
2860	1605
2131	1269
2145	1264
1911	1212
2468	1416
2029	1241
2933	1680
1621	1025
1910	1124
2679	1512
1957	1172
2425	1393
1905	1171
2220	1263
2379	1334
1692	1029
2391	1353
2536	1486
2066	1193
2232	1368
2624	1434
2317	1343
1688	1065
2131	1223
2139	1288
2242	1393
2667	1439
2298	1338
2447	1374
1825	1109
1830	1116
2857	1632
2100	1243
1883	1197
1721	1060
2834	1608
2761	1572
2180	1274
2654	1482
2488	1503
2376	1328
2020	1145
2301	1297
2387	1383
2419	1441
2348	1361
2546	1449
2332	1319
1290	934
2673	1475
1901	1204
1925	1230
2218	1307
2205	1217
2678	1493
2168	1246
2206	1275
2158	1255
1981	1133
2521	1357
2763	1494
1874	1154
2313	1310
2095	1246
2868	1573
1981	1216
2875	1593
1836	1116
2319	1417
2042	1221
1754	1083
2013	1241
2668	1430
2586	1448
1777	1096
2536	1452
2155	1266
1714	1108
659	683
1491	984
2028	1199
2443	1418
1993	1183
1215	882
2259	1319
2551	1429
2539	1439
1944	1168
2402	1464
2023	1191
2866	1698
2049	1147
1923	1182
2035	1268
1845	1152
2283	1338
2598	1437
2433	1431
2041	1254
2741	1551
1336	951
2142	1242
701	737
2452	1438
2435	1403
2239	1315
2658	1525
1894	1132
2544	1446
2265	1343
1522	1087
2042	1157
2127	1292
2245	1272
2150	1289
2417	1379
2078	1208
2141	1240
1401	928
810	731
1885	1184
2298	1296
1812	1096
2554	1413
1677	1033
2335	1374
2450	1430
2141	1258
1222	919
2878	1561
2746	1544
2023	1183
2662	1506
2076	1250
1995	1175
2597	1487
2210	1248
2521	1378
1997	1205
1590	1010
2406	1351
1860	1150
2470	1365
1813	1064
1565	974
2456	1369
2138	1274
2228	1296
2161	1287
2750	1553
2171	1304
1115	843
1964	1177
1988	1226
2185	1283
2350	1311
2389	1409
2425	1355
2148	1295
2496	1374
2146	1216
2071	1219
2079	1251
1694	1131
1811	1193
2399	1333
2479	1410
2162	1297
2184	1200
2146	1230
1945	1178
2412	1375
1835	1129
1828	1093
2049	1169
1876	1157
2265	1318
2218	1341
2126	1222
2148	1260
2752	1380
1951	1207
2096	1210
2438	1442
2016	1189
2216	1284
2397	1365
2790	1479
2341	1364
2615	1526
1506	981
2593	1483
2420	1383
1926	1168
2718	1521
2005	1214
2301	1311
2188	1276
1948	1180
2266	1351
1720	1221
2183	1317
1492	972
2651	1461
2389	1438
2304	1364
2772	1494
2494	1390
2444	1372
2442	1352
2035	1236
2178	1219
1384	888
2041	1265
1851	1141
2752	1588
2523	1452
1643	1096
2687	1557
2074	1216
2192	1268
2232	1247
2778	1483
2040	1199
1755	1130
1647	1035
2118	1199
1843	1124
1932	1184
2173	1305
2126	1242
1916	1139
2682	1569
2450	1427
2087	1324
2349	1342
2397	1346
2031	1241
1104	870
2499	1371
1945	1169
1657	1081
2276	1345
1816	1112
1965	1200
2757	1500
2770	1563
2188	1197
2015	1197
1691	1078
2061	1272
2617	1487
2066	1278
1885	1162
2135	1234
2707	1491
1678	1067
2353	1374
2918	1618
1948	1162
2031	1215
2346	1407
2186	1264
1653	1156
2177	1270
1941	1192
2034	1224
2732	1555
1954	1127
1432	921
2224	1294
1847	1190
2052	1212
2370	1363
1917	1196
2700	1504
2003	1282
2202	1305
1961	1156
1506	986
2211	1302
2005	1179
2032	1263
1256	864
2180	1358
2385	1365
1887	1148
1941	1173
1769	1155
2481	1440
2637	1536
2816	1502
2226	1304
2139	1302
2652	1527
2721	1478
2210	1290
2437	1296
1479	1016
2443	1400
2625	1428
2757	1570
2455	1352
2085	1231
2077	1241
1779	1073
2119	1246
2438	1321
2081	1082
2019	1122
2653	1538
2145	1195
1930	1144
2169	1314
2724	1483
2939	1601
2039	1218
1941	1189
2253	1236
2247	1335
2261	1259
2137	1263
549	609
2257	1299
1631	1087
2477	1500
852	810
2203	1323
1936	1191
1995	1168
2621	1453
2371	1323
2194	1290
2135	1247
1626	1053
2092	1286
2271	1321
1916	1180
2220	1337
2715	1591
2629	1475
1579	1018
2131	1277
2094	1267
1767	1068
2133	1226
2734	1518
2838	1561
2363	1357
2266	1309
2612	1462
2789	1490
868	687
2301	1277
2030	1200
2629	1542
2495	1405
2090	1339
1952	1223
909	802
2302	1397
2105	1305
1961	1167
1948	1164
1663	1060
2362	1356
2131	1233
2061	1174
1992	1182
1850	1163
2618	1484
2408	1427
1967	1185
1751	1132
1998	1182
2157	1284
1915	1098
1853	1097
2793	1522
2145	1434
2056	1245
2376	1420
2644	1447
2826	1534
1712	1134
2271	1318
1998	1231
2328	1501
1890	1151
2612	1471
2731	1530
1530	1002
2173	1235
2020	1221
2235	1304
1491	995
2003	1209
2620	1527
2082	1250
2075	1243
1263	951
2237	1323
2156	1286
2039	1149
2656	1415
2389	1369
2171	1269
2199	1264
2081	1290
2069	1229
2677	1515
2688	1570
2148	1276
2759	1509
1899	1219
2289	1340
2006	1142
2025	1181
2040	1224
1788	1106
1746	1190
2045	1207
2804	1550
2371	1380
1998	1304
2457	1368
1688	1134
2291	1354
2755	1514
2130	1351
2890	1623
1993	1192
2661	1496
2132	1239
1366	922
1786	1103
1784	1118
1947	1223
2009	1163
2742	1413
2053	1226
2562	1409
2231	1309
2569	1467
1984	1226
2076	1236
1220	883
2729	1522
2449	1387
1789	1119
2092	1251
1650	1024
2279	1353
1998	1239
2026	1250
2675	1417
2074	1198
2191	1249
2815	1606
2160	1270
2012	1203
1241	926
2828	1588
2776	1520
2216	1249
1961	1156
1957	1178
2636	1508
1796	1035
2226	1222
2307	1278
2595	1455
2725	1599
1748	1067
1952	1221
1916	1164
2430	1430
2540	1599
2407	1317
2183	1278
2506	1428
1932	1226
1647	997
2293	1351
2075	1226
2093	1298
1229	868
2698	1608
1658	1106
2031	1224
2057	1306
1900	1256
2356	1324
2562	1486
2341	1294
2151	1218
2513	1462
2335	1324
2024	1207
1972	1175
2252	1276
1996	1197
2090	1330
1537	979
2680	1538
2696	1520
2080	1229
2717	1544
1796	1044
2385	1325
2250	1292
1983	1178
1973	1170
2068	1275
2076	1246
2232	1367
1888	1135
1915	1174
1473	991
2745	1535
2107	1252
2169	1231
2574	1438
2333	1343
2647	1443
2372	1377
2000	1197
2429	1381
2264	1328
2875	1618
2238	1267
2647	1531
2635	1483
2274	1289
1800	1116
1021	791
2305	1344
1797	1119
2290	1343
1968	1187
2731	1489
1648	1076
2311	1276
1749	1071
2550	1499
2299	1306
2603	1513
2867	1641
2120	1257
2311	1328
2460	1347
2355	1380
648	708
2206	1240
2246	1349
2358	1330
2431	1409
2453	1513
2267	1348
2326	1339
2081	1226
1528	1038
2111	1286
2438	1362
1681	1031
2040	1218
1512	1068
2391	1397
1599	1009
2092	1159
2135	1228
2247	1326
1657	1124
1130	849
2737	1588
1380	969
2708	1493
2490	1396
2497	1443
2508	1428
2518	1537
2152	1309
1833	1136
2155	1296
1003	772
2213	1242
2850	1606
2059	1278
2597	1496
2844	1616
1627	1112
1733	1051
2197	1224
1990	1172
1689	1087
1952	1216
2041	1279
2428	1381
1624	995
2007	1216
2120	1265
2164	1286
1963	1188
1900	1098
1937	1198
1916	1184
2143	1286
2166	1255
2494	1366
1383	931
2219	1297
1813	1149
2099	1282
2158	1279
2042	1255
2310	1405
2005	1189
2483	1372
2938	1701
2348	1381
1634	1020
2413	1388
2327	1345
2431	1450
1225	839
2319	1329
2099	1261
2918	1611
2091	1215
2202	1342
2465	1429
2828	1488
1807	1178
2538	1465
2149	1220
1803	1103
2191	1294
1737	1133
2772	1594
2420	1411
1727	1102
2389	1376
2347	1345
2256	1319
1822	1117
2298	1332
2302	1315
2652	1578
2789	1455
2056	1246
2145	1231
2088	1300
1847	1112
2491	1419
2488	1403
1622	1049
1633	1039
2303	1341
1979	1201
757	771
2174	1335
2428	1358
1962	1185
2083	1223
2201	1332
1024	877
2113	1258
1646	1096
1131	836
1589	942
1211	876
2733	1529
2528	1448
2191	1242
2527	1229
2597	1383
1972	1167
2450	1408
2063	1219
2643	1522
1991	1190
1798	1049
2458	1397
1765	1063
2795	1524
2128	1273
2189	1311
2131	1299
1928	1161
2782	1621
2376	1507
1878	1113
2374	1412
1163	880
2509	1443
2010	1207
2031	1178
1582	1038
2872	1667
2063	1228
2276	1307
1976	1183
2718	1505
2230	1318
1788	1092
2087	1214
1861	1107
2058	1204
2661	1490
2810	1521
1629	1112
2490	1408
1936	1181
2207	1339
2252	1310
1896	1158
2758	1585
1189	856
1309	960
2814	1585
2684	1546
1972	1217
1180	853
1891	1062
2915	1641
1575	1006
1826	1156
2463	1371
2648	1499
1833	1129
1393	949
1118	885
2846	1710
2641	1473
2672	1461
2042	1210
2188	1271
2747	1526
2111	1238
2053	1257
2488	1446
2391	1284
2335	1395
1001	788
2020	1163
2211	1281
2603	1494
2129	1255
2002	1224
1878	1210
2267	1270
1858	1094
1266	880
2143	1246
1842	1158
2658	1514
1834	1119
2649	1503
2507	1438
662	645
2133	1236
2302	1411
1002	820
1430	971
2075	1182
2591	1432
2156	1212
2050	1150
2567	1510
2567	1383
2871	1532
2396	1401
2457	1398
2438	1372
2031	1195
2043	1203
2121	1261
2244	1298
2797	1567
1967	1203
2681	1515
2481	1370
1791	1089
1661	1116
2337	1339
2387	1378
2541	1513
2624	1460
2192	1310
2507	1425
1524	990
1155	863
2547	1444
2095	1266
2018	1180
2349	1362
2434	1377
2201	1265
2839	1563
2046	1232
2110	1236
2313	1370
2299	1297
1487	995
1521	1056
2136	1286
1929	1125
2812	1599
2553	1461
2415	1429
1936	1186
2276	1301
2481	1396
2025	1231
1984	1171
1824	1101
2474	1426
2051	1193
2491	1402
2596	1520
2361	1393
1550	1008
2679	1516
1600	1069
2363	1317
2595	1452
2512	1441
2253	1349
1626	1017
2065	1233
2305	1260
1674	1028
2061	1257
1982	1172
2486	1461
1375	935
1260	816
2251	1323
1655	1049
2492	1408
2043	1195
2096	1237
2045	1209
2549	1401
2187	1327
2492	1432
2618	1496
2011	1250
2249	1248
2007	1159
2567	1432
2482	1393
2416	1349
2657	1434
2244	1372
2667	1476
2480	1428
2266	1304
2101	1284
2883	1575
2598	1465
2626	1463
2727	1511
1790	1104
2013	1217
2543	1372
2585	1424
2519	1475
958	806
2116	1227
2449	1400
2704	1497
1285	1020
1887	1218
1699	1084
2436	1399
1954	1153
1554	991
1995	1183
2040	1233
1615	1055
2525	1477
2643	1485
2743	1492
2925	1468
2490	1404
2209	1300
2329	1329
1854	1149
2020	1207
1837	1132
2667	1634
2225	1349
1626	1022
1824	1137
1968	1149
2106	1265
2435	1403
1698	1077
826	778
2907	1615
1451	1043
1900	1203
1987	1169
2204	1320
1545	1039
1755	1111
2583	1455
2145	1241
2615	1534
2717	1528
2302	1340
2228	1255
1328	961
2128	1282
2381	1276
1877	1149
2381	1361
2067	1219
2248	1339
1389	918
2038	1324
2339	1350
2023	1171
1636	1065
1948	1230
2216	1351
2623	1454
2457	1385
1830	1096
2443	1354
2623	1556
968	773
1877	1135
1816	1083
2153	1286
1785	1112
2022	1208
2714	1496
2036	1247
2394	1387
1557	1021
2556	1486
2637	1394
2106	1297
1989	1191
2515	1482
2487	1398
1919	1190
2347	1333
2365	1345
2465	1411
2469	1403
1874	1163
1876	1163
1292	968
903	788
1473	949
1869	1090
2293	1356
1931	1190
3029	1726
3104	1790
2697	1536
3441	1942
2428	1441
3170	1691
3290	1867
1615	1123
2901	1650
3568	1923
2893	1640
3407	1853
2902	1649
2763	1516
3562	1866
3543	1856
3266	1744
2991	1624
3409	1764
3147	1731
2248	1357
2805	1571
3834	2056
3386	1829
2726	1546
3510	1898
2856	1594
2808	1602
3561	1979
2995	1659
3078	1697
3096	1750
3096	1684
3060	1677
2905	1558
3107	1742
2273	1375
3365	1740
2693	1569
2621	1520
2883	1548
3178	1683
2515	1454
3641	2124
3441	1772
2884	1592
2578	1514
3367	1815
2990	1596
2098	1318
3015	1615
2952	1588
3064	1724
3049	1638
3507	1843
2683	1560
3545	1834
3789	1789
2125	1298
3012	1691
3369	1740
1473	994
2835	1504
2871	1480
1820	1102
3318	1765
2958	1605
3415	1814
3514	1865
2980	1633
2644	1481
3576	1925
2863	1570
2704	1728
3308	1829
2256	1347
2899	1640
2564	1536
2924	1615
3280	1792
3323	1732
2552	1423
3562	1808
3566	1890
2994	1561
3318	1732
3733	1911
3172	1869
2528	1585
3043	1659
3601	2004
68	531
3051	1618
3109	1808
2952	1598
3534	1961
2949	1620
1581	1085
3578	1940
2902	1658
3673	1990
2477	1551
2523	1450
3889	2065
3379	1797
3128	1702
3591	1905
2477	1474
2753	1608
3712	1938
2661	1537
3735	2081
3121	1677
2629	1599
3687	1885
3317	1719
3166	1641
2920	1589
3321	1771
3105	1702
3935	2187
2730	1564
2288	1312
3856	1999
2550	1454
3474	1904
2316	1331
3087	1681
3078	1641
3251	1867
1588	1082
1903	1185
2877	1632
3036	1672
3373	1762
2910	1651
3141	1762
3620	1944
2973	1648
2685	1557
2495	1426
3317	1966
2942	1624
2748	1634
1939	1162
3400	1915
1587	1144
2450	1429
3722	1945
2674	1624
3067	1573
2148	1304
3116	1775
2519	1511
3208	1727
1798	1135
2462	1457
3097	1689
2748	1592
2923	1607
3798	2019
3459	1848
3401	1785
3572	1942
3047	1639
3481	1949
2597	1622
2858	1605
3561	1938
2977	1680
3479	1830
2185	1337
2880	1584
2265	1348
3196	1645
1840	1149
3384	1849
3383	1835
2696	1599
3664	1974
2712	1529
2897	1661
3567	1969
3043	1702
3230	1738
3400	1812
3428	1929
2638	1484
3527	1993
2777	1785
3393	1815
2889	1602
2996	1637
3408	1822
1885	1183
3849	2026
3196	1701
3348	1783
2998	1676
3281	1761
3541	1827
2973	1664
2774	1580
2815	1558
3051	1643
3367	1751
860	762
2956	1598
2537	1374
3068	1622
3668	1959
3492	1845
2688	1481
3456	1858
2879	1629
3152	1768
2948	1597
3173	1831
3157	1713
3260	1649
3022	1616
1933	1127
2801	1565
3103	1595
3034	1715
3788	1912
3174	1580
3595	1819
2931	1543
2548	1494
2380	1423
3257	1776
3324	1800
2184	1295
2983	1714
3124	1786
3548	1695
2943	1655
3259	1588
2692	1526
3226	1796
2548	1519
3278	1806
3376	1841
3443	1846
1369	907
3266	1706
3342	1836
3301	1719
1766	1095
2977	1552
3648	1921
3536	1864
3372	1655
3029	1689
2652	1467
2512	1431
2048	1249
3109	1737
3774	1997
3193	1675
3774	1993
3227	1743
3761	1954
3007	1630
3487	1839
3033	1649
3331	1723
3690	1815
3439	1834
2475	1459
3954	2131
3012	1638
3324	1724
3474	1898
3762	1933
3911	2117
2992	1608
3110	1717
3577	1922
3527	1920
2912	1557
2853	1485
2999	1683
2769	1577
2963	1619
2953	1638
3630	1857
3132	1750
3135	1690
2194	1286
2942	1670
2931	1601
3771	1953
3001	1611
2335	1305
2947	1630
3236	1770
3453	1817
3550	1939
2951	1484
2558	1485
3397	1837
3142	1703
2458	1416
3213	1786
3453	1957
2741	1600
3752	1938
3406	1753
3568	1880
3537	1955
1534	1070
3375	1851
3570	1853
2529	1494
1947	1179
2704	1477
2733	1538
3471	1752
3067	1718
3217	1694
2401	1372
2666	1435
2995	1724
3366	1842
2853	1588
1464	1433
3462	1866
3355	1758
3360	1730
3419	1828
3770	1936
3078	1627
3770	1989
3410	1801
3009	1606
3084	1658
2914	1596
2017	1145
2349	1335
3101	1677
2511	1448
2882	1555
3113	1728
3430	1795
3521	1877
3026	1685
2469	1354
2756	1639
2651	1445
3304	1686
3079	1547
3210	1737
3053	1571
3100	1660
2567	1471
3120	1721
3596	1967
3360	1762
3524	2001
2514	1468
3200	1775
2435	1446
3075	1696
3007	1705
2174	1364
3085	1748
3135	1755
3121	1798
2812	1537
3478	1913
3166	1643
3195	1809
3455	1819
3368	1822
2974	1645
2494	1383
2469	1513
3084	1717
2791	1551
3522	1873
2707	1519
3136	1668
3282	1703
3689	1993
3278	1731
3088	1698
3517	1838
3007	1732
3274	1762
2704	1454
3133	1763
1620	1078
3331	1730
3292	1718
2372	1373
2567	1421
3292	1698
3432	1848
3476	1734
2812	1623
2718	1560
2899	1639
3232	1811
3324	1664
2757	1538
3038	1612
1919	1130
3143	1631
3041	1723
3264	1691
2374	1406
3163	1559
3223	1736
3044	1714
2365	1406
2852	1602
3457	1889
3683	1907
3655	1909
2843	1501
3190	1721
2931	1631
3163	1621
2066	1250
3579	1888
3443	1845
3256	1755
2922	1662
3141	1725
3107	1564
3756	1953
2044	1211
3309	1776
2910	1578
3407	1847
2834	1582
2275	1340
2877	1592
1873	1176
2879	1623
3271	1844
3029	1652
2327	1316
2870	1637
1657	1107
3214	1726
3708	2042
2309	1355
3036	1633
3081	1712
2771	1588
3002	1632
3136	1687
3429	1824
2948	1616
2538	1369
2934	1618
2710	1526
3211	1641
2971	1626
3359	1880
3147	1710
3354	1824
2551	1422
3846	1970
3331	1865
2653	1506
3178	1586
3304	1862
2197	1335
3211	1771
3491	1890
1530	1052
3260	1783
3260	1744
3105	1717
2472	1325
2942	1597
2107	1277
3113	1718
3401	1772
3665	2165
3185	1694
3280	2107
1592	1116
2317	1356
2826	1530
2765	1556
2954	1616
3096	1655
2905	1682
3751	1971
3257	1722
3387	1758
2969	1582
3104	1688
3363	1855
2913	1665
2301	1397
2915	1543
2773	1572
3384	1730
3505	1872
3620	1971
3305	1833
3017	1629
2962	1544
2974	1645
2977	1579
3415	1827
2831	1596
2204	1291
3316	1758
3360	1828
3671	1900
3153	1727
2947	1659
2836	1525
1685	1112
3123	1619
3594	1998
3081	1716
3552	1811
3198	1729
3743	1926
2849	1534
3293	1668
2819	1587
3553	1854
2973	1582
2777	1584
2396	1400
2911	1564
3746	1903
3885	2093
3533	1782
3579	1924
1895	1225
3179	1732
3080	1604
3533	1976
3283	1687
2888	1557
3759	2006
2741	1474
2459	1370
2301	1303
2862	1618
2713	1506
2359	1305
3067	1640
2928	1572
3266	1808
2817	1522
3139	1617
3568	1993
2668	1524
2616	1544
2983	1605
3786	2017
2929	1671
2842	1547
3150	1721
2746	1554
3666	1995
2421	1457
2345	1504
3756	2022
3222	1767
3347	1812
3140	1667
2813	1653
3788	1953
2975	1585
2732	1505
2643	1457
3435	1993
3537	1882
2356	1363
3173	1820
2432	1468
3291	1742
3898	2181
2484	1317
3233	1830
3040	1812
3357	1817
3585	1875
3018	1700
2745	1594
3199	1622
3005	1675
3423	1726
3285	1813
2818	1510
3276	1751
2848	1583
3557	1868
3851	2013
2909	1677
3045	1810
3284	1761
3434	1922
3136	1668
1718	1126
3542	1841
3794	1927
2863	1672
2213	1237
3123	1739
2214	1338
3228	1775
2394	1407
3233	1696
3312	1778
3767	2008
3576	1914
3127	1696
917	922
3267	1776
2525	1494
2783	1604
3092	1665
2983	1579
3440	1806
2444	1478
2465	1506
2971	1539
3339	1910
3309	1838
2835	1560
2623	1478
2334	1330
3013	1557
2168	1318
2908	1589
3100	1744
2437	1442
2704	1546
3662	1885
2523	1556
2623	1529
3417	1650
2771	1573
3518	1938
3039	1593
3190	1720
2490	1464
3200	1700
3421	1791
3351	1782
2571	1510
2861	1557
2804	1600
3427	1567
3112	1735
3680	2008
3206	1883
3168	1716
3199	1766
2342	1448
2069	1216
3409	1907
2722	1487
2189	1346
3695	1870
2699	1427
3056	1695
3076	1681
3003	1651
1845	1112
2923	1567
3074	1735
2784	1514
2375	1401
2667	1524
3393	1806
3206	1625
3357	1788
2817	1610
3441	1804
3637	1952
2198	1256
2184	1357
3346	1804
2834	1541
3285	1761
3025	1618
2835	1581
3652	2100
3669	1974
2062	1307
2745	1455
3023	1639
3410	1819
3843	2072
2835	1606
3155	1686
3211	1726
2872	1460
2773	1517
3490	1867
3675	1973
2175	1334
3449	1833
2982	1601
3007	1603
2153	1356
2315	1506
2931	1656
2808	1466
2651	1498
3202	1754
3477	1897
3722	1913
2631	1462
3429	2008
3281	1837
2647	1488
3119	1645
3228	1657
3229	1683
3386	1805
2938	1695
3462	1817
2778	1599
3786	1971
2062	1200
3373	1788
3241	1731
2912	1516
2982	1602
3517	1858
2922	1617
2714	1509
3756	2000
2690	1476
2747	1548
3631	1881
3336	1794
2706	1485
3462	1661
2899	1525
2922	1620
2719	1469
2591	1438
3274	1690
2917	1687
3167	1684
3687	1903
3064	1635
2335	1403
3065	1674
3461	1791
3470	1915
3428	1785
3201	1725
2633	1525
3480	1796
2177	1358
3193	1712
2800	1547
3200	1693
3162	1687
3488	1909
3585	1980
2885	1592
3240	1751
3021	1671
3356	1829
2972	1622
3350	1771
3424	1792
3346	1784
3606	1902
3341	1768
2981	1615
2554	1425
3626	1930
2943	1650
3597	1907
1471	1085
3140	1665
3428	1828
3239	1734
1164	983
2778	1623
3255	1690
2967	1674
2806	1567
3057	1669
3065	1680
3123	1667
3270	1748
2091	1359
2682	1579
3067	1637
3869	2028
2562	1425
3131	1722
3397	1767
3222	1764
3065	1748
3111	1775
3304	1846
3719	1921
3112	1672
2979	1655
2944	1583
3638	1915
3275	1699
2396	1415
2364	1305
3086	1636
2986	1625
2826	1522
3358	1856
2956	1607
3500	1772
2962	1641
3466	1882
2406	1388
3054	1761
3470	1876
1972	1205
2454	1432
2641	1541
3095	1744
3271	1760
3736	1973
3101	1723
2876	1596
3155	1703
3187	1801
3598	1967
2104	1311
3684	1940
3550	1883
2771	1581
2714	1546
2750	1677
2832	1602
2629	1458
3541	1891
3782	1958
3366	1756
2564	1486
2894	1648
3189	1773
3422	1797
2758	1556
3542	1824
2940	1669
3459	1814
2976	1640
2976	1539
1847	1253
3008	1593
3209	1633
3157	1784
3600	1881
1650	1062
3143	1759
2100	1292
3075	1626
2400	1448
2612	1454
2019	1293
2312	1434
3168	1740
3213	1737
3111	1682
1539	1100
1928	1114
3238	1737
3703	1964
2907	1615
2492	1382
2338	1296
3458	1826
3779	1994
3720	1822
2657	1519
2276	1305
3003	1578
3102	1695
3593	1913
3200	1682
2955	1627
3068	1683
3569	1944
2725	1541
2716	1536
2578	1493
2602	1596
3427	1768
3751	2000
3064	1785
3348	1916
3286	1696
2836	1669
2387	1405
3382	1812
3251	1779
3333	1871
2879	1558
3407	1737
2928	1746
2805	1596
2402	1367
2964	1522
2970	1655
2691	1498
2682	1415
3122	1654
3090	1682
2102	1226
3268	1746
3121	1661
3493	1803
2610	1518
2844	1579
2954	1697
3024	1633
3371	1855
3454	1851
1624	1061
3134	1765
3187	1655
2873	1625
3298	1820
3577	1970
2914	1621
3278	1747
3589	1933
3641	1882
3118	1695
3616	1975
2362	1377
2249	1445
3439	1898
3077	1729
2183	1418
2738	1580
3600	1911
2903	1646
2373	1404
2948	1566
2891	1521
2514	1291
3315	1842
3720	1937
3163	1706
2802	1426
3640	1881
2811	1586
3851	1968
3807	2008
2969	1626
3317	1849
3582	1865
3563	1897
2979	1544
3151	1688
3028	1611
3202	1724
2602	1574
3393	1837
2478	1346
3614	1809
3672	1960
3496	1858
2582	1502
1966	1250
3712	2052
3305	1843
2778	1593
3074	1667
2894	1626
3193	1746
3111	1628
3431	1880
1989	1212
2952	1580
3692	1976
3284	1719
3728	1953
2606	1418
3069	1594
3029	1638
3106	1775
2596	1526
3179	1708
2851	1521
3056	1627
3074	1750
3326	1839
2300	1389
3773	2039
4248	2246
3422	1784
4805	2441
3407	1903
4600	2256
4103	2074
3346	1841
4564	2402
4069	2089
4462	2443
3734	1975
4112	2212
2517	1434
4177	2161
4634	2402
3870	1984
4082	2180
4351	2209
3722	1963
4088	2096
4484	2405
4106	2098
3626	1942
3878	1894
4138	2156
3271	1740
3734	1969
3984	1951
4017	2123
2822	1645
4333	2250
4619	2130
3790	1878
3053	1718
4468	2240
4268	2293
3826	2032
4522	2194
4507	2342
3779	2094
4275	2081
4275	2275
3917	2102
3798	2128
4098	2181
4568	2281
4079	2131
3954	2145
4013	1978
4093	2153
3753	2032
3811	1911
2605	1434
4327	2281
4122	2161
4345	2258
3588	2009
3809	1981
3960	2068
4685	2340
4349	2255
3787	2024
4101	2111
4404	2241
4162	2042
4413	2308
3862	2045
4190	2205
2663	1571
4113	2073
3796	1968
4177	2220
3832	2027
4089	2029
4392	2270
4319	2165
4428	2428
3758	1924
4173	2041
3528	1917
3040	1645
3705	1992
3472	1903
4311	2194
4713	2394
3321	1835
4753	2366
3331	1793
4470	2316
4339	2207
3303	1770
4360	2232
2220	1306
4411	2278
4437	2266
4122	2297
3950	2159
4068	2132
3419	1728
3997	2116
4248	2164
4134	2177
3092	1775
4065	1993
4683	2441
2833	1609
4492	2223
3009	1665
4387	2241
3863	2042
3873	2034
3270	1695
4368	2300
3524	1885
4773	2383
4052	2045
4190	2140
3968	2129
3851	2042
4514	2356
2920	1792
2465	1399
3828	2035
3183	1754
3972	2055
4090	2139
4705	2510
1811	1118
3882	2035
3955	2073
4170	2248
3859	2046
3235	1790
3832	2089
4418	2300
4228	2192
1793	1275
4686	2405
4207	2166
3904	2063
3927	2002
4255	2202
4054	2072
4404	2172
4282	2146
3314	1844
3959	2179
3934	2138
4337	2227
2581	1555
2331	1354
4151	2185
4255	2194
4245	2125
3818	2106
4450	2321
4088	2054
3239	1720
4608	2446
3952	2022
2772	1552
3849	2089
3874	2037
3884	1990
3655	2038
4830	2440
3752	2008
1481	1068
4122	2129
2422	1419
3959	1969
4822	2464
4837	2456
4569	2343
3664	1924
3968	2098
4474	2266
3329	1854
3042	1720
3460	1879
3388	1818
2542	1555
3910	2164
4211	2177
4187	2163
4366	2214
3713	1940
4130	2335
3148	1659
3731	1952
3794	2004
3783	1956
4355	2204
4222	2146
4506	2277
3998	2028
4353	2280
4131	1904
3729	1988
2437	1465
4475	2361
3304	1832
3046	1629
3682	1969
4559	2358
3041	1683
4294	2279
4546	2409
2216	1471
2301	1407
4602	2329
4041	2184
4230	2203
3438	1741
3007	1664
4286	2213
4413	2293
4564	2309
3923	2095
4165	2175
4198	2184
4008	2063
3555	1938
4101	2143
1810	1209
3887	2061
3831	2071
4141	2190
4832	2449
4398	2229
4843	2513
2994	1745
4518	2450
4207	2049
3602	2014
2934	1583
3037	1805
4339	2210
2582	1563
4248	2091
4272	2259
3768	2062
4203	2144
3089	1652
3541	1857
3475	1930
3746	2009
4265	2144
4060	2144
4319	2178
3483	1874
4819	2424
4102	2181
3843	1966
2756	1572
3712	1935
4205	2182
2039	1246
3588	1926
3823	1946
3814	1986
4274	2256
4037	1992
4475	2036
2191	1284
4909	2588
4530	2392
3333	1850
2879	1609
4004	2047
3940	2092
3988	2036
3783	2048
2864	1630
3749	1985
4455	2222
3546	1855
2574	1627
4011	2044
4646	2301
3437	1887
4486	2363
4335	2293
4160	2230
4410	2376
4499	2345
3870	2146
4016	2216
4259	2143
4822	2394
4499	2317
4030	2119
3990	2041
4040	2148
3822	1924
3309	1729
4453	2352
4397	2334
3824	2042
4570	2399
4732	2311
4100	2142
3730	2117
3768	1972
3980	2028
3914	2018
2792	1669
4219	2190
4005	2157
4006	2081
3762	2036
4601	2294
3700	1944
3987	2034
2959	1751
2552	1571
4056	2049
4254	2057
4435	2334
4524	2396
4335	2228
3710	1877
4829	2540
4328	2222
3932	2037
3786	2001
2254	1318
2022	1267
4602	2291
4196	2221
4704	2417
3967	2098
4181	2167
3767	1928
3937	1954
4533	2315
4197	2170
3936	2057
3081	1623
4093	2152
4118	2253
2401	1402
2516	1439
3408	1830
2980	1691
4302	2274
3680	1909
3870	2026
3987	2027
4878	2394
4645	2400
3641	1936
4169	2161
3678	1954
4660	2429
3987	1972
4290	2309
3426	1931
4583	2279
4049	2078
3992	1959
4795	2692
2801	1636
3661	1993
3976	2145
4583	2359
3534	1848
3935	2050
3065	1630
4112	2120
4581	2499
4547	2342
4111	2077
4215	2162
3719	1953
3998	2151
4585	2335
3511	1928
3135	1707
3967	2042
4097	2113
3983	2122
4733	2506
4442	2405
4020	2183
4331	2186
4437	2274
2878	1596
3531	1938
2059	1390
4021	2107
4418	2327
4118	2133
2424	1441
3313	1770
2856	1602
2662	1582
4073	2105
4359	2380
3500	1905
4175	2160
4055	2172
3793	1998
3644	2025
3132	1726
4259	2228
4053	2181
4415	2235
4557	2290
3769	1925
4483	2384
4457	2278
4220	2100
4583	2220
2337	1393
4388	2245
3789	2045
2908	1601
1450	1086
3629	2017
4257	2323
3981	2213
3814	1963
4459	2318
3946	1975
3864	1950
3623	1983
4293	2255
3312	1687
2790	1575
3009	1646
3941	2090
2351	1426
4110	2109
3870	2002
4107	2163
4662	2393
4167	2228
3400	1878
4454	2287
2976	1651
3415	1895
4730	2382
3925	2075
2403	1492
2335	1418
3846	2083
3451	1783
2836	1581
3777	2039
3234	1785
4176	2078
4063	1915
4253	2096
4501	2353
3052	1790
3746	1938
3799	2047
4023	2146
4302	2199
4735	2427
3356	1914
4433	2325
4121	2148
3819	1997
4238	2228
3970	2193
3942	2045
4351	2232
4690	2363
4198	2268
3171	1851
3950	2092
2540	1470
4498	2365
1527	1547
4294	2209
3551	1836
3374	1701
4218	2119
2108	1341
3934	1987
4017	2159
2899	1779
2931	1661
4485	2312
3922	2049
3929	1912
4350	2247
4344	2217
4305	2286
4051	2273
4295	2165
4496	2409
2876	1623
3830	2044
1952	1336
3402	1838
2987	1567
3993	2125
4417	2307
4850	2517
4189	2235
3835	2066
3415	1808
4034	2134
4466	2177
4386	2409
3231	1788
4268	2235
4074	2116
3576	1914
4190	2068
4599	2337
3052	1687
4631	2358
2889	1637
3522	1809
3318	1760
4308	2145
4608	2275
4157	2110
4138	2151
4522	2341
4394	2232
4030	2164
3838	2093
3152	1775
3713	1962
3436	1755
4218	2170
4208	2040
3068	1673
4435	2259
4667	2344
4374	2252
4000	2056
4261	2258
3870	2303
3746	1979
2125	1543
3889	2083
3886	2263
1744	1251
4303	2282
3800	1989
4536	2375
2609	1445
4221	2155
3717	1977
4156	2148
3884	1948
2103	1449
2560	1500
3560	1939
3045	1747
3551	1960
3834	1971
3543	2026
4337	2315
3495	1966
3736	2011
4020	2144
3815	1968
2097	1349
3915	2079
4029	2090
3814	1907
3689	2021
3381	1786
4082	2111
3846	1956
2409	1441
3580	2021
4777	2592
4383	2212
3707	1939
4696	2299
4205	2169
1579	1072
3672	2027
3739	1957
4362	2224
4200	2173
4268	2178
4078	2040
3099	1748
4031	2074
4473	2380
3994	2140
4557	2421
4823	2527
4046	2180
4655	2345
3186	1628
4187	2218
4368	2363
4113	2025
4055	2198
3792	1968
2252	1379
3553	1857
4536	2356
3970	2064
4620	2393
3209	1742
3662	2012
4404	2314
4556	2366
4571	2317
2666	1542
3899	2105
3144	1791
3861	1985
4129	2110
3510	1942
4764	2489
3962	2131
4334	2288
4785	2526
3713	2033
4111	2186
2436	1395
4401	2326
3686	2065
4608	2357
3057	1639
4404	2378
3947	2089
3743	1902
4631	2351
4055	2189
3750	1949
4381	2198
4141	2110
4180	2147
3780	1949
4474	2290
3766	1990
4070	2067
2943	1624
4815	2514
4741	2434
3912	2019
4163	2157
4846	2365
2649	1374
4425	2274
4221	2210
3457	1745
1323	1139
4630	2379
4629	2491
4705	2439
4187	2245
4223	2265
3753	1918
3908	2015
3748	1896
3657	1943
4405	2196
3674	2153
3839	2045
3114	1694
3188	1688
3758	1969
4330	2230
3312	1779
4064	2275
3638	2021
3088	1823
4934	2616
2761	1619
3947	1782
4849	2510
3635	1845
3471	1796
3940	2140
3227	1732
4056	2040
3647	1922
4006	1965
4189	2202
2226	1398
2832	1585
3859	1994
4437	2318
3803	1924
4549	2291
3651	1863
4000	2095
4505	2417
4269	2145
2854	1512
4254	2281
3622	1901
4483	2385
4459	2233
4768	2396
3323	1825
2665	1532
3779	2004
4312	2241
3900	1940
3245	1789
4428	2329
3406	1849
1993	1251
3677	1896
3794	1974
4352	2260
3798	2079
4713	2429
3918	2019
4081	2043
3680	1893
3213	1621
4309	2393
4176	2238
3619	1816
4724	2386
3700	2115
4267	2203
3889	2058
4037	2056
4009	2167
4038	2200
4633	2316
4024	2136
4476	2306
4385	2275
3794	1959
3188	1782
3945	2122
4704	2404
4169	2176
2508	1510
4078	2038
3804	2024
4549	2360
3918	2004
4059	2163
4341	2227
4831	2522
4638	2291
4114	2280
3563	2073
4537	2327
4577	2358
4111	2110
3848	2028
3914	2081
4725	2461
4010	2068
4584	2248
4045	2246
3328	1785
3911	2045
4045	2185
4727	2447
3223	1827
2834	1632
3914	2035
4723	2556
3841	2115
3496	1877
3993	2135
3271	1789
4313	2231
4238	2111
3006	1622
4601	2344
3114	1706
3387	1865
4321	2241
4379	2323
4658	2455
3526	1875
4694	2332
3617	1976
3543	1907
4069	2214
3539	1882
4505	2234
3848	2012
3910	2105
3978	2127
4069	2212
4473	2289
2912	1620
4053	2211
3660	1985
3967	2078
4771	2456
4316	2330
4456	2262
4005	1947
3873	2024
4199	2213
3543	1866
3801	2022
4141	2143
4481	2321
2391	1414
4044	2112
4036	2080
4031	2109
4230	2212
3152	1713
4146	2222
4096	2105
4142	2223
2053	1294
3452	1858
4269	2200
4476	2305
4088	2020
4539	2242
4241	2311
3613	2049
4310	2287
3970	2050
3761	2099
4261	2188
4402	2332
3888	2027
3074	1828
4453	2415
4197	2279
3291	1909
4302	2303
4255	2301
3866	2004
3951	2101
4784	2464
4028	1993
4019	2256
4657	2285
4288	2144
3894	2090
2312	1487
3845	1925
2844	1619
2777	1746
3479	1879
3989	2217
3325	1738
4103	2179
4797	2393
3845	2048
1834	1356
4002	2053
4561	2322
4270	1998
4249	2251
4135	2228
4263	2235
4002	2060
3890	2025
3568	1785
3694	1864
3479	1930
4021	2129
4167	2271
3461	1838
4685	2434
2621	1530
3575	2001
2357	1373
3996	2223
4638	2390
3998	2162
3643	2028
3786	2030
4266	2194
4102	2193
4618	2320
3992	2160
3756	1946
3140	1664
3526	1946
3539	1899
3964	1990
3123	1722
4493	2376
4588	2192
3453	1866
4023	2054
4588	2386
4529	2380
4110	2136
4328	2139
4474	2379
3786	2012
4260	2299
3966	2067
4406	2273
4223	2259
3393	1811
3481	1895
3949	2000
4157	2228
3930	2027
4015	2118
4817	2372
3387	1827
3724	1966
4039	2218
3719	2031
4569	2287
4348	2263
4106	2158
4270	2177
3397	1904
4317	2193
4614	2390
3960	2107
4140	2164
3609	1952
3835	2072
4392	2243
3915	2036
3699	2019
3029	1638
3718	2052
4122	2110
4886	2579
3460	1884
3887	1939
4492	2288
4790	2407
3728	1872
4738	2429
3799	2055
3550	2024
3932	2115
4394	2286
3832	2013
4188	2196
3676	1890
4053	2121
4330	2190
4083	2026
3865	2022
4327	2284
3433	1796
4797	2485
4174	2162
3948	2036
4587	2363
3889	1997
3605	1951
3594	1911
3229	1729
3764	2099
3854	1828
4110	2077
4035	2095
3982	2030
4319	2388
3601	2022
4675	2511
1682	1244
3988	2097
4617	2374
3715	1975
4597	2305
3667	1901
4457	2312
4523	2315
3920	2226
4291	2165
4029	2083
3768	1988
3908	2046
3615	2051
3906	1967
4133	2024
4112	2202
4346	2404
4025	2133
4521	2305
4074	2213
3673	2009
4554	2398
4235	2086
3772	1945
2888	1553
4811	2457
3845	2054
4781	2463
3776	1860
3980	2034
4837	2537
2966	1713
4113	2167
3208	1833
4083	2201
4005	2091
5219	2694
5430	2789
5074	2583
4815	2445
5212	2688
4956	2441
5401	2644
4874	2489
5449	2650
4678	2530
5309	2679
3302	1909
4615	2439
4190	2174
5675	2949
2960	1791
5008	2505
5164	2570
5095	2466
4560	2343
5337	2624
3473	2015
3626	1963
3174	1758
4835	2367
5318	2712
5495	2913
5778	2915
4995	2497
2770	1757
3763	2052
4893	2569
4984	2538
4658	2330
4876	2549
5578	2816
5166	2628
5360	2716
3064	1929
4421	2311
4315	2222
2648	1532
5451	2713
4249	2136
3658	1995
2864	1722
5080	2635
5567	2763
5426	2650
5696	3051
3626	1955
5302	2721
4484	2282
5455	2881
3716	1868
5293	2630
4577	2355
5369	2700
4931	2314
4886	2484
4277	2313
5162	2723
5500	2749
3235	1763
4502	2332
4676	2461
4984	2482
4912	2495
4568	2423
5373	2888
5523	2685
4590	2470
4970	2533
4082	2156
5530	2772
5420	2717
5620	2821
5653	2679
5569	2918
3463	1818
5546	2723
4733	2394
4074	2083
5302	2630
4651	2329
5160	2600
4921	2387
4328	2340
1961	1355
5065	2502
4071	2126
4309	2144
4277	2302
5357	2641
5346	2791
4388	2302
3449	1926
5123	2504
5573	2942
4938	2582
5637	2758
3877	2077
5598	2812
5340	2679
3918	1967
3617	1867
4290	2368
4451	2357
5129	2525
4612	2320
3142	1799
3848	2131
3408	1827
5190	2656
4977	2688
5346	2631
5482	2635
5026	2607
4364	2332
5380	2600
5057	2495
4844	2443
5092	2726
5631	2817
3282	1766
4922	2505
5006	2580
5297	2618
3169	1629
4754	2466
4847	2504
5037	2647
5252	2594
4856	2482
4727	2444
4791	2446
5210	2617
5370	2715
4399	2385
5141	2571
3905	1977
5458	2598
3363	1778
4287	2325
4264	2292
5521	2818
4902	2409
4756	2424
4935	2538
4932	2530
3036	1849
4923	2514
2554	1579
4008	2024
3614	2007
4707	2392
5067	2614
5374	2683
5261	2638
4943	2599
5822	2940
4860	2478
4543	2405
3209	1713
5015	2490
4672	2438
3756	1957
4921	2596
5795	2907
5212	2619
5134	2601
4897	2368
4607	2483
5304	2709
4968	2472
4236	2218
4856	2517
3770	2116
4612	2426
5348	2666
4531	2295
4412	2191
4882	2693
3794	1949
4874	2566
4575	2411
5238	2558
5531	2741
5434	2827
3977	2228
4980	2552
5118	2587
5702	2846
3847	2057
4743	2511
5249	2647
5124	2626
5503	2856
5759	2880
4246	2127
5257	2682
5087	2563
4297	2231
4835	2423
4820	2472
5070	2503
4928	2464
4872	2468
4992	2494
4632	2411
5037	2565
4003	2073
5429	2818
3821	2010
4714	2551
5326	2741
5669	2840
4588	2382
4177	2181
4131	2159
5486	2739
4937	2517
5456	2684
4317	2264
4992	2614
5135	2712
5480	2603
4944	2611
5005	2464
4478	2337
3869	2026
4253	2238
5070	2549
2989	1708
4416	2440
4688	2390
5747	2514
3607	1858
3966	2118
4757	2420
4887	2498
4585	2329
4758	2458
5261	2583
4494	2336
3764	2192
5204	2556
5013	2543
5073	2580
4657	2251
4997	2544
5483	2732
2981	1671
4889	2445
5266	2552
4734	2530
4588	2373
5438	2775
4410	2354
4736	2431
5036	2598
5372	2809
5484	2888
2160	1400
4819	2472
5497	2785
4751	2475
5168	2659
4913	2555
5451	2822
5226	2603
5136	2615
5067	2511
4891	2491
4477	2304
3883	2029
4146	2150
4888	2182
4623	2478
2689	1536
4951	2624
4651	2346
4341	2376
4764	2678
4963	2527
4938	2664
4592	2392
4540	2404
5021	2480
3074	1742
5225	2590
5084	2568
5612	2911
3941	2109
4565	2256
4025	2035
5155	2676
5034	2628
4736	2508
5190	2585
4859	2503
3761	2035
5238	2722
3950	1955
5341	2732
4391	2314
4815	2482
4888	2557
4778	2473
4753	2479
4953	2475
3860	2090
4860	2467
5257	2659
4992	2540
4917	2570
5460	2708
3399	1849
3609	1929
4154	2211
4369	2236
4696	2284
4749	2437
3907	2124
4611	2322
5243	2750
4490	2379
4873	2577
5006	2523
5038	2439
4748	2584
4936	2575
5080	2583
4979	2400
5337	2714
4494	2328
4290	2196
5487	2889
4222	2128
3973	1993
5170	2665
3171	1899
5037	2563
3316	1872
4993	2580
5720	2818
5069	2543
4015	2254
5008	2536
4705	2298
5725	2818
5717	2764
2671	1639
5669	2839
4744	2454
4160	2036
4195	2290
5090	2705
5259	2814
4521	2280
4772	2475
3616	1932
5292	2637
4130	2085
4641	2431
4876	2525
5463	2682
4791	2444
5081	2622
4273	2190
3669	1918
3632	2010
3491	1836
5501	2815
5121	2690
4891	2500
4900	2581
5431	2849
5773	2870
4418	2308
4979	2493
5027	2490
5588	2946
5227	2760
4476	2273
2033	1342
5226	2658
5532	2716
5174	2487
4504	2259
4930	2565
5408	2684
4387	2285
5043	2484
5070	2566
4905	2432
4874	2366
3991	2208
5668	2888
5275	2733
4770	2363
5618	2870
3007	1795
5268	2724
5329	2573
5343	2701
5134	2571
4508	2272
4274	2154
5026	2518
5375	2648
4909	2703
4945	2582
4834	2394
5765	3045
5330	2733
5162	2635
5076	2593
5016	2501
4938	2569
2649	1511
5424	2896
4775	2480
5728	2794
5254	2721
4871	2485
4858	2538
5595	2945
4573	2324
5557	2785
4870	2392
5202	2600
3282	1840
5353	2663
5006	2655
5616	2782
4846	2550
4815	2496
5585	2898
4925	2508
4412	2161
2193	1417
4819	2584
5038	2573
5272	2731
2955	1625
5032	2585
4903	2452
5692	2935
5133	2483
5339	2594
5489	2770
5260	2697
4730	2465
3319	1864
3829	2152
4346	2263
5221	2774
4774	2484
4861	2443
5281	2632
4708	2507
4440	2307
5221	2718
5303	2559
5471	2785
4430	2372
5068	2614
4635	2420
5204	2708
4709	2467
3929	2115
5072	2598
5588	2823
3436	1935
5161	2497
4851	2474
5185	2694
4926	2541
5027	2625
4971	2618
4791	2501
4989	2563
4737	2489
5053	2495
5533	2572
4716	2391
3948	2136
5424	2746
4599	2371
5506	2752
5045	2611
5267	2688
3585	1940
4394	2274
4788	2526
5103	2695
2201	1473
4777	2490
5130	2643
4647	2577
5685	2860
4825	2493
5387	2754
5365	2668
4398	2289
4844	2523
5009	2551
4257	2345
3801	2079
4386	2317
4971	2523
3375	1837
5305	2734
5459	2764
4928	2511
3694	1968
5152	2655
5411	2697
5526	2794
4871	2484
5489	2686
5433	2501
4978	2673
4728	2433
3566	2140
5364	2732
4215	2173
5562	2782
5027	2766
4962	2461
4770	2403
5125	2650
5560	2739
2660	1650
5494	2791
4156	2116
5256	2548
4915	2534
5003	2615
5658	2875
4656	2287
3649	1864
5364	2705
3951	2077
4902	2444
4951	2582
4843	2386
4958	2663
4488	2373
3485	1930
3300	1853
3418	1957
4899	2352
4818	2484
4778	2354
5071	2840
4435	2293
5258	2735
5445	2754
2811	1790
4835	2405
5062	2646
4459	2202
5132	2447
4724	2342
3403	1839
4182	2280
5524	2761
5623	2815
3750	1885
5153	2668
5420	2723
5480	2794
4716	2455
5579	2864
4086	2188
4701	2487
5007	2687
2894	1521
5349	2731
5643	3009
4095	2112
4066	2189
4255	2231
4953	2655
4968	2547
3861	2047
5672	2953
5266	2682
3374	1890
4998	2575
5099	2632
4590	2259
5175	2648
5269	2654
5241	2704
4950	2509
5430	2693
4399	2228
5342	2752
4920	2543
5416	2788
5413	2745
4815	2452
4704	2469
5201	2862
4321	2238
4859	2470
4226	2398
5193	2761
5141	2614
4824	2501
4424	2300
5800	3002
4474	2321
4685	2453
4778	2406
5501	2725
5449	2930
4746	2486
4184	2156
4728	2443
2004	1471
4568	2382
5629	2666
4997	2435
5599	2832
4699	2410
5048	2586
4020	2154
5292	2735
2638	1477
4883	2508
3425	1986
4674	2449
4937	2578
3497	1881
4907	2445
4441	2452
4668	2419
5345	2649
4768	2662
4814	2503
4714	2461
5295	2816
5153	2659
4260	2175
5391	2662
4094	2151
3739	1994
4994	2635
4118	2135
5436	2720
4759	2464
5074	2631
5104	2670
5237	2692
4949	2591
5393	2781
5199	2610
2923	1728
4325	2157
4972	2575
5078	2574
4538	2378
5152	2671
4247	2182
4431	2367
4943	2507
5241	2680
5318	2819
3902	2178
5115	2623
5611	2930
4735	2309
3202	1978
4568	2371
3397	1995
4619	2327
5528	2823
5478	2744
4885	2561
3634	2056
4878	2496
4799	2358
4073	2168
2620	1630
2898	1779
5623	2869
5055	2500
4899	2458
5765	2911
5695	2773
2576	1454
3760	2016
4670	2477
5021	2551
5275	2667
5139	2635
4760	2474
5430	2777
2826	1719
4613	2413
4756	2532
4896	2663
5320	2644
4634	2354
4234	2047
5511	2923
5143	2783
4854	2491
3154	1860
4401	2354
5358	2698
5552	2722
5078	2398
5370	2700
3709	2210
5757	2920
4606	2441
5449	2665
4846	2461
4477	2341
5055	2607
4525	2307
4745	2495
5182	2490
5789	3171
4761	2465
4865	2465
2467	1538
2049	1317
4028	2039
4169	2153
4811	2438
5109	2541
4238	2249
3463	1830
5242	2632
3788	1993
4029	2241
5188	2494
4490	2284
5144	2651
4767	2469
5414	2824
4447	2306
4476	2385
3068	1758
5217	2586
3799	2057
5036	2565
5287	2532
4820	2468
5202	2642
5180	2796
4913	2650
5048	2573
5423	2691
4580	2418
3598	1959
4343	2263
5517	2999
5709	2826
4788	2504
4462	2289
5795	2952
4786	2362
5326	2759
3664	1966
5049	2485
3128	1828
2830	1704
4696	2619
5238	2525
3982	2206
5433	2825
4111	2084
4167	2382
5320	2816
5225	2661
5534	2812
5440	2765
5169	2680
4909	2552
4816	2605
5311	2649
5341	2728
4654	2324
4932	2494
3680	2021
4747	2572
3907	2116
4456	2466
5264	2964
4317	2269
5620	2878
5074	2729
4903	2612
4766	2504
5644	2903
5382	2630
4545	2547
5185	2762
3495	2092
3954	2257
3112	1750
5297	2736
3830	1985
4889	2522
5322	2623
4918	2646
4896	2519
5700	2918
4621	2365
5492	2777
5493	2830
3861	1947
4045	2119
5741	2747
5023	2601
4901	2545
4681	2404
3214	1923
5483	2769
4836	2553
4350	2304
5161	2650
5219	2621
5021	2573
4811	2513
3897	2068
5130	2629
5389	2984
4517	2311
4698	2297
5023	2542
4952	2562
3658	1842
4853	2445
4935	2515
5578	2823
5747	2808
5345	2673
5382	2764
3954	2218
5575	2717
5169	2573
3615	2197
4833	2401
4622	2270
5146	2548
5479	2716
5128	2602
5151	2681
4359	2127
4403	2352
5056	2603
4488	2405
4991	2660
4386	2267
4335	2231
5505	2746
4899	2535
5497	2629
3790	2132
4917	2591
5310	2694
3294	1950
4802	2661
4076	2153
5217	2709
3613	1928
2785	1765
4806	2472
4765	2430
5223	2570
3785	2298
5690	2954
5841	3065
4771	2553
3269	1847
1916	1339
4982	2548
4865	2463
5102	2474
5034	2534
4613	2409
4244	2214
4244	2265
4625	2397
5377	2779
5069	2514
4865	2598
4525	2279
5474	2785
4793	2419
4011	2253
4941	2565
4461	2334
5767	2852
4074	2111
4969	2804
4283	2245
3409	1834
4717	2446
4792	2509
4782	2396
3985	1959
5620	2946
4499	2425
4822	2432
5496	2745
4869	2484
2333	1740
4459	2390
4974	2648
2602	1508
5429	2759
4340	2366
2229	1507
4121	2025
5035	2488
4770	2482
5411	2794
2391	1496
5731	2773
4861	2631
2832	1592
3800	1989
4871	2455
3219	1786
3694	1937
4810	2547
4815	2605
5305	2695
2850	1684
5396	2772
4923	2573
5572	2863
5632	2882
5275	2852
4882	2416
3695	1960
5760	2951
3502	1931
5176	2544
5082	2624
5440	2743
5148	2626
3976	3046
3369	1951
5575	2765
5604	2809
4193	2196
4984	2574
4715	2476
5459	2881
5009	2412
5012	2603
5435	2753
4743	2488
5118	2796
4292	2459
4570	2380
4113	2190
5051	2645
5042	2615
5164	2621
4996	2617
5741	2995
5127	2542
4841	2578
3910	2055
5120	2683
4826	2392
5102	2646
4746	2486
4753	2571
5039	2625
3690	2091
3972	2098
3017	1747
4402	2370
5392	2566
5033	2507
4002	2224
5100	2547
5081	2648
4696	2433
4844	2494
4710	2510
4250	2257
4936	2377
5274	2733
5750	2848
5240	2535
4515	2461
5085	2745
6468	3106
6149	3159
6684	3553
5895	3042
5665	2955
4272	2344
6066	2974
6193	3125
5725	2936
6244	3114
6405	3117
3363	1990
5250	2952
6617	3369
6430	3109
5757	2724
6044	3083
5947	3192
4345	2283
6040	2961
3368	1821
5679	2922
5235	2729
4972	2474
6467	3402
5752	2872
5450	2582
3700	2108
6686	3365
6311	3202
4430	2395
5595	2816
5406	2786
6104	3040
6307	3186
5696	2885
4803	2488
6054	3129
6102	3051
5869	2953
6207	3271
5248	2764
4958	2437
5805	2929
6461	3267
5808	2999
5592	2754
4354	2345
6129	3104
6258	3156
5812	2935
5410	2719
4058	2215
6392	3146
6403	3246
6267	3159
5844	2798
4610	2404
5359	2652
5279	2670
6419	3171
6505	3234
6162	3230
3548	2000
6276	3079
5293	2736
5052	2531
5405	2833
5829	3018
5526	2912
5689	2933
6346	3220
4969	2623
3625	1930
4183	2331
5895	2953
6255	3188
6551	3089
5401	2727
4775	2521
5512	2949
5647	2749
2772	1575
5616	2776
5786	2991
5429	2873
4622	2470
5309	2795
3840	2007
5368	2781
4834	2747
3592	2145
6213	3082
3219	1867
6328	3174
5243	2734
5794	2926
6212	3089
6353	3126
5230	2755
5864	2877
4818	2423
5915	2969
4913	2663
3441	1936
4335	2349
5927	3040
5813	3083
4595	2463
6128	3358
6184	3507
5191	2772
5714	2980
5578	2675
6336	3138
6025	3165
4866	2677
4900	2508
5676	2995
5964	3176
5470	2734
6582	3168
3362	1845
6036	3047
5940	2999
5558	2796
5883	2927
6322	3248
6208	3366
5700	3028
5436	2803
6476	3481
5856	3025
5900	2995
6255	3188
5480	2824
6402	3218
3671	1941
3586	2017
6001	2855
5677	2892
5763	3017
6210	3144
4132	2382
6507	3211
4902	2723
5626	2706
5443	2697
6152	3248
6490	3144
6294	3189
6204	3152
5881	2956
5072	2542
6703	3355
6213	3133
6256	3114
3860	2206
5483	2807
6348	3233
5701	3009
5571	3014
6301	3046
4547	2553
5276	2728
6517	3324
5513	2637
3877	2179
2844	1873
5587	2953
5756	2889
6317	3267
6552	3302
5892	3070
4361	2331
5157	2686
5932	3011
6130	3126
6400	3164
5875	3009
5447	2776
5840	2998
5409	2772
6696	3490
5692	3032
4939	2502
5720	2968
5979	3033
5315	2827
4057	2148
5986	3109
5518	2844
6433	3292
3011	1828
5465	2921
6099	3153
5429	2701
6268	3223
5820	3120
6289	3168
5639	2900
6585	3370
5372	2799
6122	3147
5891	2951
6071	3004
6027	3157
5592	2854
6405	3325
6067	3254
5528	2915
4536	2560
5713	3071
4855	2512
5568	2916
6072	3041
5875	3084
3079	1903
2934	1765
6751	3597
6079	3147
5889	3102
4991	2779
6454	3246
6254	3242
6299	3070
5886	3173
6038	3181
3310	2093
5730	2962
4585	2466
5135	2801
3054	2078
6112	3060
5678	2874
6257	3311
6753	3446
6269	3267
6472	3381
6319	3160
5694	3029
4340	2363
5728	3112
6068	3372
5832	2913
6570	3399
5178	2758
5642	2988
5751	2997
6287	3253
5868	3161
6278	3193
5623	3055
5792	3429
2948	1915
5713	3028
3752	2269
5363	2689
5422	2821
6444	3384
6012	3227
5988	3147
5380	2869
6002	2969
6159	3342
6190	3203
3527	2010
5953	3073
6042	3146
6344	3287
5722	2986
4155	2309
5257	2850
5836	3042
5929	3095
6460	3346
6424	3280
6576	3256
6046	3192
5824	2961
4626	2712
6254	3179
6369	3237
6150	3208
6533	3341
5552	2969
6601	3535
5817	3117
5404	2919
6671	3488
5889	3269
3822	2163
6056	3044
6221	3239
6251	3334
5303	2970
5361	2835
5625	3144
6365	3225
5715	2734
5690	2925
6009	2995
5841	3189
5652	2984
5898	2824
6300	3346
5375	2909
5850	3062
6061	3267
6210	3026
6278	3172
5710	2981
5698	2980
6087	3071
5476	3155
6181	3214
5527	2939
6104	3179
6127	3105
5233	2781
3173	1832
5851	3035
5899	3148
4694	2745
6486	3324
6364	3157
6059	3242
5520	2902
3225	2012
6291	3374
6346	3188
4604	2456
6139	3136
3977	2262
5129	2721
6154	3310
5693	3070
5841	3131
5571	3146
5783	3001
5892	3464
6117	3099
6195	3259
6366	3274
4215	2562
6187	3363
5809	3010
4541	2387
5689	3006
4703	2730
5698	3070
4698	2597
6560	3271
5821	2979
6394	3269
3983	2342
6463	3258
4627	2789
6234	3440
6237	3202
5358	2835
6201	3185
5999	3066
5943	3101
6410	3467
5818	2904
5785	3140
5399	2766
5225	2991
5590	2798
6213	3386
5961	3002
6297	3187
5828	3068
3451	2021
5777	2932
6281	3346
5912	3054
5739	3061
5817	3195
5805	3184
6279	3392
5294	2792
6509	3199
4787	2591
5746	3005
6050	3069
4406	2379
6187	3161
5384	2816
5835	3108
5612	3062
5363	2889
6667	3301
5864	3069
5879	3111
5898	3008
6236	3213
5127	2741
6001	3008
3161	2000
6543	3244
6069	3088
5670	3217
5176	2691
4742	2561
6143	3009
4180	2432
3280	1841
6750	3697
5040	2523
5265	2852
5900	3111
5710	2989
6714	3370
3926	2318
6417	3187
6365	3157
6763	3508
5721	2909
6003	3051
6174	3299
6152	3459
5278	2818
4131	2184
5134	2739
4792	2758
5802	2969
6667	3283
3687	2267
5524	2970
6518	3359
4119	2232
5321	2910
5445	2916
6045	3066
5319	2918
5216	2946
6394	3351
5831	3224
5065	2790
6117	3098
6460	3325
6410	3330
6006	3314
5460	3174
5367	2924
6200	3151
6220	3216
6172	3080
6370	3455
5247	2838
4350	2064
6132	3260
5276	2788
6535	3486
6371	3371
5658	2914
5258	2723
5334	2684
3945	2165
6056	3015
6092	3200
5605	2971
6077	2979
5700	2850
5474	2985
6220	3246
5931	3074
4644	2667
5496	2912
6180	3394
3717	2014
5402	2700
4985	2781
6148	3281
5707	3057
5849	3001
5110	2762
5550	3057
5924	3161
5916	3072
2266	1576
4379	2380
4601	2486
5777	2934
6443	3449
6023	3240
6589	3518
6262	3184
5820	3141
6047	3056
5997	2965
6134	3220
5970	3082
5564	2852
4700	2637
6328	3214
5734	2953
5836	3042
5947	3103
5801	2962
6735	3425
4068	2352
5835	3043
4013	2277
6039	2977
5136	2725
4942	2672
4078	2414
6307	3135
6110	3481
6050	3342
5636	3153
5469	3058
5263	3065
6621	3385
5706	2912
5735	2950
3583	2162
6136	3297
6247	3059
5463	2847
5563	3306
4427	2344
6257	3183
6337	3298
5694	2787
5526	3288
5316	2723
5361	2947
5104	2751
4463	2520
6171	3264
6048	3120
4437	2490
6436	3356
5753	2989
5379	2825
6005	3021
4946	2710
6293	3209
3464	2229
6509	3453
5816	2968
6425	3329
5676	2901
5500	2846
5920	2994
6067	3205
5562	3031
6380	3687
6587	3353
6373	3080
5704	3098
6302	3351
6631	3459
5493	2949
6297	3164
4610	2547
6619	3384
4216	2441
4868	2659
5170	2737
2851	1836
5548	3022
4355	2318
5364	2821
4981	2746
6403	3245
6240	3351
5363	2895
6313	3220
5816	3089
6457	3267
5609	2889
6659	3354
5635	3182
4086	2336
5347	2800
2913	1918
6517	3346
4758	2715
5642	3079
6119	3060
5875	3179
5878	2987
6148	3123
4821	2650
6334	3202
5792	3011
5008	2643
6480	3266
4519	2580
5925	3145
6183	3247
5197	2746
6004	3019
4536	2636
6112	3037
6220	3214
5398	2771
6055	3204
6427	3437
5402	2683
5030	2637
4612	2525
6223	3377
6497	3203
5961	3056
6212	3098
5008	2662
6526	3273
5220	3024
6414	3370
6209	3187
6679	3518
6398	3277
6614	3468
3630	2123
4146	2194
5953	3127
4816	2609
5443	2902
6244	3165
6026	3226
5863	3186
6139	3373
4684	2438
6544	3693
6058	3250
6113	3068
5866	3079
4531	2458
5675	3189
6081	3126
3989	2305
5355	2593
5987	3021
6265	3043
6005	3175
6306	3116
6899	3477
6198	3198
5584	2953
6295	3226
6628	3334
5973	3188
5732	3170
4464	2398
5713	3224
5316	2751
5467	2793
6119	3287
4686	2684
5907	3128
6520	3368
5285	2861
6128	3272
6060	3097
3889	2310
5950	3201
6681	3405
6493	3311
5870	3285
5192	2955
4702	2485
4027	2378
5886	3055
5622	2939
5830	3056
6480	3159
6321	3148
6370	3496
5770	3009
4486	2391
3917	2345
6087	3225
6549	3404
5576	2885
3784	2146
6042	3283
4329	2310
5543	3006
5594	2982
6238	3496
4880	2412
5602	2976
4261	2375
5859	3100
5865	3201
5431	2845
5379	2968
6042	3305
4842	2532
6380	3342
6398	3336
5687	2849
4983	2674
6181	3206
5693	3097
6533	3389
5853	3015
5932	3028
4566	2615
6593	3401
5559	2880
5557	2950
5826	3202
6821	3573
1111	1039
4980	2697
6429	3272
6037	3127
5282	2819
5350	2807
5839	3137
6604	3454
5243	2947
5467	2935
6077	3148
5406	3226
5896	3034
5107	3015
3264	1914
6331	3248
5762	3023
5325	3163
6426	3286
5572	2988
4319	2455
5521	3067
4857	2480
5238	2663
5314	2963
4136	2570
6183	3137
5983	3043
6033	3399
5904	2999
4463	2393
5978	3104
5882	3041
5786	2936
5551	3025
6283	3332
5302	2792
6227	3339
5210	2777
5967	3274
6529	3255
5098	2740
5973	3136
5673	2974
6055	3259
6242	3270
5748	3253
6442	3279
6029	3308
4462	2720
5755	3049
5524	2924
5938	3140
6053	3257
6593	3704
6108	3074
6198	3082
5872	3245
5618	3019
6144	3008
5971	3263
6400	3438
6397	3511
6044	3112
6137	2920
5797	3027
5380	2773
6089	3078
6480	3372
5725	3165
6335	3426
5120	2707
5769	3063
6174	3114
5408	2862
2698	1809
5839	2989
5807	3096
5021	2804
5708	2995
4308	2490
4883	2915
6060	2987
5602	2973
6403	3360
5636	2946
4570	2808
5657	2904
6127	3188
5907	3078
6077	3435
5386	2858
5707	2912
5787	3265
5717	2961
6002	3185
6184	3228
6197	3163
4237	2241
5613	2951
6256	3269
6009	3056
6377	3374
5750	2976
5874	3184
5319	2941
5629	2897
5655	2934
6024	3031
6091	3374
6550	3211
6097	3249
3690	2310
5173	2663
6058	3102
3437	2099
6387	3318
6669	3963
6379	3249
6471	3535
6265	3388
3079	1735
5040	2653
5858	3051
4108	2336
6121	3208
5573	2862
6141	3125
6009	3192
5387	2764
6169	3198
6034	3048
6143	3186
6269	3266
6231	3190
6446	3334
6758	3389
5585	3111
4805	2697
6505	3394
4071	2365
6345	3287
5556	3053
6363	3457
6195	2988
4820	2486
6276	3309
6432	3420
4820	2707
5235	2805
6281	3191
3925	2329
6564	3278
5947	3191
5636	2967
5645	2984
5386	3018
6709	3396
6075	3118
5848	3086
4774	2529
6053	3070
5202	2750
5937	3002
5820	2896
6037	3076
5942	3021
5267	2825
3729	2360
6004	3058
6241	3253
6096	3196
5468	2870
3640	2103
6184	3257
6679	3411
5587	3029
6145	3300
6043	3184
5948	3135
5690	2797
5103	2733
5704	2938
5755	3093
4478	2511
6463	3446
5365	2854
6237	3343
6024	3099
5788	3024
4426	2369
3602	2243
5341	2743
5244	2790
6300	3298
5423	2719
4076	2334
4309	2345
5979	3101
5781	2907
3994	2426
4261	2499
6056	3133
4004	2637
4628	2455
5409	2752
5204	2751
5281	2843
5896	3116
5781	3144
6100	3198
5991	3023
5981	3052
6034	3285
5930	3140
5792	3185
3681	2265
5522	2977
5979	3158
4888	2569
5984	3205
5926	3110
5862	3136
5407	2927
6197	3087
5996	3100
5745	3118
5811	2997
4994	2866
6006	3117
6111	3273
5994	3097
3589	2284
4135	2320
6005	3217
5314	2897
5392	2820
5577	2837
5882	3087
6167	3065
6591	3450
5518	3009
5649	2939
5779	3051
4342	2213
6666	3343
6527	3340
3943	2381
6576	3760
6113	3287
5800	3195
6260	3213
6663	3615
5942	3177
5885	3029
4873	2520
5649	2855
6129	3231
6107	3116
2690	1957
6549	3647
5475	2954
5912	2961
5824	3279
3098	1980
6436	3341
6004	3048
4872	2611
5980	2993
6265	3487
5333	2837
5652	3078
5938	3034
6432	3413
5932	3052
5539	2824
6218	3104
6009	3091
4750	2690
6184	3334
4670	2637
6202	3252
6580	3544
5953	3064
4744	2498
5985	3085
6393	3450
6118	3116
6216	2919
4215	2518
6627	3384
6664	3447
6548	3305
6888	3454
4905	2714
7044	3574
6317	3214
7260	3668
7148	3942
7223	3707
6117	3329
6797	3564
6852	3387
6695	3566
7279	3894
7570	3740
5909	3168
6381	3407
5325	2756
7132	3727
6387	3294
6379	3148
7404	3705
7339	3805
7107	3633
6654	3410
6679	3405
6882	3588
5731	3238
7506	3676
7221	4017
6578	3642
6964	3560
7012	3468
7153	3641
6954	3548
7382	3842
6812	3674
7056	3664
6666	3465
7408	3793
5910	3039
6693	3292
6381	3232
7298	3799
5745	2962
6391	3197
6350	3293
7216	3899
6598	3471
6469	3480
6846	3498
7094	3595
6459	3274
7146	3519
7298	3811
7303	3936
6246	3285
6785	3501
7397	3732
6255	3405
6611	3403
6374	3566
6929	3676
6808	3438
6966	3452
5784	3048
3878	2638
6602	3385
7076	3796
7460	4083
6431	3443
6095	3398
6167	3237
6788	3474
7353	3781
6400	3488
6666	3353
6436	3291
3346	2114
6770	3739
7215	3589
7394	3724
6185	3247
6682	3283
6541	3312
6390	3376
7036	3660
6578	3402
6961	3889
3186	2081
6131	3218
6640	3520
6460	3426
5052	2695
6035	3427
6357	3045
7021	3479
6963	3645
6664	3372
6833	3470
6956	3610
7902	3963
5992	3349
6489	3232
6899	3512
7260	3975
7013	3791
6767	3386
6965	3807
7635	4584
6275	3071
6205	3184
5480	2963
7264	3840
7118	3598
6439	3309
7154	3694
6398	3154
7237	3746
6551	3577
7643	3951
6152	3284
6646	3369
7004	3642
6909	3412
6889	3557
2694	1740
5430	3147
6909	3528
7273	3761
6755	3528
6570	3358
7137	3671
6603	3455
6675	3400
6767	3405
7086	3542
6755	3479
6911	3528
4072	2271
7369	3797
7441	3630
6688	3447
5798	3012
5062	2713
7077	3711
5779	3154
6986	3565
3886	2521
3652	2142
4808	2734
6579	3393
6269	3331
7245	3614
6967	3682
5636	3180
6643	3405
5947	3269
6457	3326
6907	3672
4764	2616
6804	3448
6741	3336
7174	3740
4465	2630
6691	3522
6628	3488
7303	3761
6980	3750
6694	3470
5839	3075
6732	3610
7181	3745
5562	3147
5647	2869
7045	3894
6630	3583
6926	3783
4638	2771
6879	3624
5646	3207
6682	3599
7220	3624
5545	2977
6043	3151
5930	3120
7407	3990
6888	3653
5471	3085
6747	3414
5383	2938
4950	2771
6616	3376
4488	2641
5312	2993
6415	3292
4410	2677
6438	3279
6461	3364
5896	3167
6467	3638
3996	2246
5641	3101
6765	3512
6564	3419
6435	3306
6938	3676
5881	3152
7143	3728
6549	3348
3086	2140
7416	4070
5801	3004
6537	3371
4605	2548
6877	3461
7696	3933
7416	3804
5650	3068
7806	3592
5633	3028
6681	3467
6755	3458
7189	3654
7445	3830
6289	3333
7119	3546
6567	3529
7639	4046
5670	3129
7213	3617
5610	3013
7175	3682
7017	3625
6227	3310
4592	2488
5428	2854
6441	3350
7650	4058
7430	3822
5619	3229
7397	3690
4242	2358
4793	2668
6344	3413
6968	3609
6859	3436
5539	2877
7169	3564
6847	3724
6133	3186
3744	2245
4903	2565
7374	3855
5937	3120
7016	3606
6574	3349
3696	2361
2858	1975
3885	2316
7316	3621
6993	3692
7315	3750
6849	3359
6272	3481
2711	1994
6653	3512
6349	3262
6818	3461
5400	2806
7583	4141
4926	2591
6622	3168
6484	3169
5235	2914
6804	3538
7203	3735
5401	2838
7203	3505
7343	3787
6400	3357
5331	2842
6775	3541
7161	3561
7301	3874
6864	3457
7380	3787
6771	3520
6621	3622
6660	3478
6595	3499
6930	3557
7128	3858
6342	3373
3866	2493
6606	3582
6255	3415
6320	3311
6180	3304
7654	3935
5478	3000
6403	3297
6711	3552
6828	3692
5484	2937
6387	3419
6039	3277
7221	3754
7508	4081
6212	3418
5300	2685
6778	3452
7179	3759
6835	3472
7499	4094
6897	3623
6295	3327
7507	3856
6707	3402
7050	3498
5537	3016
6695	3292
7202	3640
6799	3353
6516	3413
6906	3666
6853	3471
6395	3279
6037	3315
6585	3444
4783	2487
5702	3275
5819	3337
7455	3888
6760	3382
6437	3344
7048	3569
6385	3477
5576	3110
7385	3785
7337	3740
4633	2589
5808	3028
7205	3822
5871	3203
6600	3560
5048	2512
6261	3273
4592	2642
5497	3125
6662	3547
6748	3511
7558	4092
6801	3601
4828	2837
6593	3574
3991	2235
5204	2698
6451	3401
6761	3327
6690	3605
7255	3806
6732	3687
7467	3853
5729	3172
6645	3290
7339	3704
4947	2769
6547	3473
6753	3663
6801	3547
6879	3646
7463	3834
6803	3760
6164	2940
2393	1645
6489	3415
6531	3488
4268	2676
6758	3542
6308	3263
7157	3671
5374	2938
7511	3865
6462	3447
5184	2845
6935	3626
7057	3571
5487	2898
7267	3750
7369	3614
6576	3535
7516	3874
6866	3417
7358	3787
6603	3492
7296	3906
5718	2971
6710	3259
6703	3579
6780	3562
7644	3790
6639	3410
5305	2932
7451	4088
6778	3724
6067	3236
7276	3810
6750	3416
6536	3359
6572	3396
5827	3040
6496	3384
7020	3616
6659	3526
5850	2963
4354	2522
6003	3268
4678	2588
6427	3286
6743	3249
6797	3534
6890	3491
7462	3923
6182	3343
7133	3694
5534	2974
5432	3014
4963	2711
6813	3886
6817	3387
7215	3847
3783	2148
6924	3476
6858	3770
4613	2620
4631	2642
7249	3856
7156	3621
5336	3160
6943	3531
5196	2774
6909	3446
7064	3657
6744	3625
6570	3425
6604	3546
6987	3839
6463	3326
7325	3685
5110	2745
6439	3344
6441	3371
7213	3780
6514	3351
6711	3592
6387	3164
6793	3379
7303	3766
6644	3469
6409	3234
4857	2741
7139	3658
6771	3497
7500	3834
7175	3665
6101	3356
3319	2123
7501	4048
5939	3009
6741	3635
5125	2933
6244	3262
7071	3690
6504	3340
6848	3777
6817	3570
7668	3795
6678	3502
5088	2736
7546	3782
7172	3852
7261	3626
7185	3560
6984	3515
6776	3387
6964	3640
6257	3267
7347	3828
6981	3572
7224	3775
6820	3469
7034	3912
6058	3138
6688	3411
6793	3546
6423	3253
6882	3663
7000	3648
6539	3422
7462	3560
7069	3691
6765	3453
4971	2817
7471	3779
7403	4033
6752	3563
6858	3762
5903	3063
6953	3558
6904	3545
6927	3466
6502	3277
7184	3739
5223	2884
7404	3893
7431	3771
6377	3313
5721	3052
6848	3517
6101	3286
3777	2359
6793	3663
6854	3630
6685	3298
5286	2886
6583	3447
6950	3807
7007	3598
7287	3644
7277	3787
7296	3508
5320	2861
5902	3098
6991	3506
6713	3535
5637	3054
6847	3492
7366	3816
5097	2647
6616	3377
7489	3726
5447	2881
7354	3740
6795	3639
4413	2429
7207	3506
5388	2866
6562	3377
6784	3534
7422	3956
6482	3292
7607	3728
6702	3396
5756	2918
6942	3615
6367	3349
6917	3758
6522	3484
6964	3579
5150	2810
7469	3764
6697	3207
7028	3658
6981	3712
5330	3161
6978	3676
7196	3505
6320	3220
7135	3673
3300	2390
4716	2709
6418	3377
5668	3041
6731	3555
6643	3748
6351	3379
7314	3706
6506	3430
6775	3393
7235	3708
6235	3134
7094	3664
6964	3939
6341	3289
7290	3777
6466	3304
6663	3577
3815	2423
6580	3221
5025	2746
7261	3775
7422	3824
7492	4035
6562	3403
7473	3847
7409	3805
6782	3532
7042	3522
5440	2878
7299	3644
5893	3269
5299	2862
6779	3463
7341	3717
5832	3273
6044	3163
4427	2530
5282	2796
5819	3080
3853	2310
6400	3440
6405	3574
6184	3264
7117	3698
6411	3279
7269	3753
7236	3611
5429	2877
7040	3631
5104	3012
6667	3602
7359	4047
7056	3554
5293	2898
4290	2292
6403	3373
6689	3454
6931	3281
6013	3110
6605	3452
7443	4037
6597	3348
6545	3583
6549	3363
6006	2992
7480	3773
6935	3772
6757	3662
5832	2987
7745	3957
7556	3841
5305	3121
5847	3124
3011	2091
6351	3498
7257	3771
6597	3191
6750	3448
6683	3286
5473	3032
6242	3314
7029	3504
6802	3561
6142	3512
6891	3573
3813	2301
7216	3525
7525	3995
7216	3644
6554	3488
7157	3579
7449	3791
6928	3613
6869	3562
3623	2339
6392	3458
7523	3835
6979	3627
5848	3076
7429	3931
5745	3217
7268	3770
6996	3633
6623	3436
7058	3547
7175	3577
7388	3779
4903	2832
6338	3296
3488	2258
6647	3539
6381	3333
7189	3794
4603	2605
6889	3503
7140	3612
4482	2587
7037	3661
6724	3410
3867	2064
5824	3130
6085	3269
7420	3987
3794	2460
7536	3846
6671	3385
7503	3785
6836	3478
5127	2683
6945	3607
7237	3925
7139	3590
6983	3555
5790	3328
6671	3250
6834	3652
7331	3754
7704	3826
3609	2318
7077	3527
6418	3412
7152	3594
6659	3459
7171	3778
7464	3807
6797	3515
7556	3565
7430	3801
6796	3525
6813	3435
6991	3661
5448	2845
7034	3703
6799	3729
7227	3728
5164	2931
6581	3547
7124	3625
7067	3704
7703	3824
7257	3626
6352	3318
6393	3213
7486	3759
7355	3618
6513	3507
6550	3290
6755	3542
7617	3987
6541	3499
7053	3687
6693	3523
6462	3257
6360	3371
7181	3911
7834	3958
7020	3668
6452	3430
7381	3853
6612	3475
6861	3795
7299	3667
5781	3058
6021	3265
6130	3337
5665	2861
6715	3429
6025	3262
5127	2920
7196	3986
6994	3557
5678	3048
6163	3233
6245	3271
7283	3679
7521	3729
7042	3539
4198	2410
4769	2809
6296	3430
7297	3673
5216	2699
6609	3471
7343	3793
7370	3774
7189	3592
7665	3897
7643	3851
7293	3753
7132	3713
6995	3609
7014	3615
6918	3574
6483	3325
7347	3736
6924	3422
6944	3490
6434	3272
5945	3394
6505	3495
2937	1921
6674	3811
7296	3810
7816	4030
4303	2503
5000	2698
7447	3549
5024	2844
7281	3606
6913	3539
5755	3013
6906	3643
7069	3610
6384	3400
6751	3377
7165	3700
7254	3543
2857	2116
4206	2605
6729	3408
6531	3401
5890	3200
6844	3599
7169	3680
7224	3746
4730	2608
4479	2449
6764	3572
7123	3637
4750	2572
7139	3608
6039	3218
6709	3544
7648	4171
6240	3184
7491	3844
6303	3092
6179	3264
6484	3202
6492	3406
7083	3691
2558	1785
4502	2498
6907	3584
6677	3262
7620	3737
3496	2185
6070	3136
7229	3825
7088	3740
6420	3451
5826	2990
5197	2731
6350	3397
6213	3323
6933	3574
6182	3206
7020	3408
6330	3277
6442	3354
6206	3360
6599	3406
6345	3362
7052	3597
6901	3536
6057	3391
5349	2897
6464	3376
6865	3352
6440	3375
4531	2426
6917	3447
5013	2903
7103	3601
6738	3651
7084	3500
2511	1824
7031	3604
6879	3506
6801	3488
7172	3590
4190	2562
6493	3368
5828	3152
5658	2872
6096	3115
6960	3548
5865	3188
6408	3444
7282	3779
6094	3245
6979	3470
6748	3443
6700	3524
5447	2810
7163	3960
5277	3076
6077	3287
7035	3543
4430	2568
7122	3756
7113	3596
6440	3611
7087	3826
6621	3383
6144	3192
7388	3789
6849	3527
4853	2603
7546	3679
6937	3637
2813	2041
5557	2845
6640	3349
5693	3003
6339	3411
6220	3138
6033	3004
6242	3182
6954	3478
7171	3635
7324	3681
7440	3970
5963	3112
5727	3212
6879	3232
6535	3367
7369	3907
6171	3196
442	1788
6730	3286
6715	3595
7597	3835
6939	3699
6710	3425
6219	3337
6687	3540
7542	3674
7431	3691
6494	3409
6242	3243
6743	3272
6699	3458
6196	3160
6677	3310
6990	3605
3770	2691
6348	3339
6979	3724
7709	3825
6992	3604
3467	2205
7072	3518
6458	3383
7347	3792
6275	3680
6581	3413
5843	3195
7018	4018
7521	3764
6897	3492
6534	3742
4289	2408
7605	3896
6564	3389
7307	3490
7162	3655
6542	3311
6614	3520
6928	3736
6901	3520
6108	3163
6734	3516
6950	3441
5439	2952
6410	3520
7269	3697
6498	3320
6893	3689
6251	3547
6555	3430
6063	3160
5404	3106
6212	3300
4261	2431
5694	2979
6919	3455
6477	3588
7148	3644
6959	3489
7184	3478
6963	3603
7163	3593
7181	3878
6697	3575
6898	3738
5176	2823
7166	3520
7453	3745
5728	3070
6461	3529
6253	3485
6628	3467
7623	3910
6818	3354
7146	3820
6756	3628
7621	3868
8191	4424
7647	3735
7449	3855
6849	3820
7599	4110
8598	4532
7698	3805
7740	3947
7247	3675
7715	4152
8191	4240
4743	2861
6384	3223
7685	3953
4056	2468
8229	4334
8157	4145
7402	3624
6785	3471
8037	4179
8008	3996
7905	4035
7283	3512
8328	4187
7786	4058
6976	3881
7850	4020
6966	3608
8107	4240
5662	2979
7735	3989
7438	3679
7910	4007
7549	4233
5994	3142
8166	4296
4349	2418
7348	3875
7980	3938
5898	3134
8131	4203
5779	3369
7807	3900
7072	3767
5131	2817
7896	3924
7764	3968
8111	4178
6989	3564
7815	4062
6411	3643
7748	3877
6863	3450
7822	3880
6652	3385
8134	4085
7598	4085
7930	3884
6391	3495
8209	4275
7804	4111
8505	3998
7582	3885
8710	4567
6140	3254
6794	3533
7704	4047
8458	4236
7906	3867
7836	3891
6495	3338
8466	4516
7873	4086
4810	2708
8377	4401
7448	3899
8107	4167
8079	4113
6799	3673
7909	4031
6310	3401
7854	4006
7851	3960
6031	3207
7182	3550
7089	3677
7994	3911
7719	4113
5632	2986
8442	4351
7742	4001
7573	3978
8073	3999
6480	3567
7425	3801
6057	3221
7872	3923
8610	4394
5435	2935
7359	3855
7939	4388
7866	4059
7806	4043
7422	4013
3925	2564
7743	4054
6032	3382
7995	4110
7110	3830
6316	3524
7467	3880
6255	3452
7138	3881
4002	2389
7796	3882
6999	3672
8104	4133
8572	4335
5840	3343
7742	3922
7320	3812
7300	3718
8069	4070
8439	4343
8723	4424
8327	4197
8273	4174
7637	4051
8114	4258
6531	3726
7728	3720
7936	3912
8672	4568
7869	4049
8444	4481
7213	3740
7395	3945
7144	3772
6587	3393
6258	3381
8320	4413
8705	4448
7841	4130
7620	3806
7792	4048
7215	4065
4983	2691
7109	3675
7178	3797
7819	3836
7754	4068
7016	3654
6833	3556
7915	4236
7580	4087
8263	4291
7267	3762
6395	3393
8038	4494
5696	3239
6436	3487
7861	3826
6261	3356
7975	4002
3911	2728
7400	3859
6286	3102
7437	3949
6083	3090
7721	3837
7085	3888
7191	3835
8154	4306
7698	3937
6463	3452
5942	3240
8509	4435
6679	3566
7441	3823
7409	3979
4993	2962
8101	4145
6944	3710
6909	3483
7570	4076
7097	3708
6911	3816
7680	3844
8049	4387
7670	4202
8069	4103
7409	3798
6970	3669
4461	2747
7754	3846
6607	3406
7709	3971
7895	4097
4734	2723
8620	4730
7838	4170
8069	3956
5040	3120
7692	3953
6732	3517
8682	4224
8438	4227
7682	3931
8217	4144
8540	4309
5699	3192
7271	3566
7778	3707
8289	4206
7886	3999
7836	4067
8068	4022
8002	4036
8594	4204
8287	4396
5397	2705
7761	3789
6645	3464
8093	4021
7812	4115
6454	3550
7853	4039
7288	3951
8172	4327
8565	4469
7755	3954
5729	3138
5832	3433
8585	4202
8222	4186
7871	3995
6797	3638
7319	3803
7191	3672
7261	3654
8009	4276
6756	3591
7957	4216
8289	4420
8466	4319
8190	4402
8374	4515
4780	2500
8608	4606
7641	4248
6966	3477
6265	3328
6593	3365
7667	4231
7956	3885
8251	4225
8041	4056
5606	2962
7191	3815
8409	4404
7289	3844
6319	3402
3358	2240
7957	3946
7421	4033
6710	3397
8474	4510
7443	4009
7221	3791
8139	3901
6212	3346
7856	4095
8202	4300
8166	4192
6920	3746
7632	3831
7494	3864
7765	3936
7414	3777
8383	4244
7603	4005
8146	4191
7085	3766
7316	3755
6908	3200
8426	4198
7012	3753
8475	4374
5790	3046
6912	3798
6364	3448
6447	3340
1241	1195
7627	3892
6114	3351
8156	4176
6697	3978
7694	4082
5874	3299
5224	2965
6939	3693
6032	3196
8302	4226
8228	4259
8245	4180
6222	3401
7979	4176
4160	2432
7741	4173
6426	3591
7612	3995
7914	4037
7610	3652
8099	4151
8395	4377
7337	3781
8164	4101
7948	4072
6507	3421
8406	4293
8180	4160
6808	3656
7320	3911
7943	4397
7538	3958
5796	3181
7478	4100
7972	4105
5286	2781
5549	3129
7758	4005
7051	3801
7971	4056
7134	3778
7746	3885
7425	4245
8321	4472
7330	3633
7058	3706
8344	4309
7829	3912
7767	4032
5868	3297
6944	3846
7103	3844
7895	3901
6727	3468
7486	3879
5648	3362
7956	4148
5012	2921
7413	3994
6511	3418
7632	3898
7196	3698
8421	4275
6372	3287
7786	3971
7155	3910
5915	3156
7813	4043
7518	3849
7068	3807
3045	2202
8431	4392
7233	3818
7383	3711
6606	3446
6786	3583
7438	3695
6905	3780
7123	3857
4475	2666
6271	3297
4731	2771
7952	4233
8049	3969
6693	3486
7652	4111
7517	3908
4225	2383
7362	3915
7677	3787
7575	3999
8496	4347
7091	3880
7852	4126
8155	4296
4648	2922
6541	3359
7898	4162
8537	4313
8607	4358
8476	4274
8518	4133
8557	4482
8485	4200
7555	3982
5370	3062
8221	4083
7390	3817
5824	3301
6183	3317
6746	3683
7858	4073
7890	4216
8365	4301
5864	3230
8067	4101
7847	3977
7560	3865
7427	3889
8101	4168
7792	3969
7779	3962
8261	4301
7700	4129
6899	3647
7819	3971
7287	3786
4316	2674
8145	4291
7896	4092
8115	4296
7907	4008
5672	3087
8442	4416
7801	4043
7716	4161
7858	3920
8073	4160
8182	4135
7659	3900
7377	3725
7663	3848
6747	3580
8164	4170
7721	4088
6962	3630
7695	3807
7574	3853
8018	4502
7898	4248
8069	4200
7515	4137
7724	4028
6868	3428
7367	3660
6180	3629
8111	4441
7576	3969
7501	3765
8262	4124
8171	4210
8730	4622
8517	4449
8192	4266
7594	3918
8404	4419
7267	3811
5880	3147
7733	3981
7269	3763
7488	3976
7555	4094
8468	4392
7993	3940
8078	4110
7578	4149
4255	2642
8007	3951
7202	3615
7161	3767
5713	3184
7623	4328
8452	4550
7453	4196
7985	4006
8118	4202
8350	4406
3072	2399
7310	3672
7624	4023
8049	3981
5757	3173
6394	3593
7896	4098
7657	4212
7761	4048
8570	4280
6482	3625
6576	3690
7722	4013
7268	3841
8100	4134
7383	3770
7908	4311
7711	4018
7472	3937
7512	3825
7978	4372
8180	4498
7666	3796
8273	4405
6441	3328
7820	4020
5866	3430
4029	2338
7109	3600
6786	3640
8077	4291
7451	3883
8201	4217
7929	3985
8051	4083
7826	4167
7123	3893
3992	2378
7297	3644
7742	3833
6585	3632
5875	3082
3980	2201
7673	4157
7600	3901
6112	3326
8060	4031
5138	3031
7024	3791
6652	3629
7286	3752
5954	3253
6748	3718
6357	3327
5343	3114
7834	4009
5703	2983
6244	3278
6093	3098
8521	4424
7641	3932
2235	1920
6998	3768
6837	3788
8524	4514
7952	4210
7144	3720
7407	3900
6067	3288
6005	3545
7590	4048
5797	3147
7558	3840
5606	3071
7680	3840
8346	4226
8048	4084
6291	3487
7719	3995
7734	3880
7972	4135
8109	4341
7861	3988
3289	2351
7011	3535
8731	4609
5579	3045
8387	4654
7043	3619
5261	3117
7576	3986
7454	3927
7804	4052
7486	3995
7688	3870
7892	4064
7831	4102
7721	3970
6767	3747
7743	4015
8184	4289
7720	4152
7364	3852
7147	3980
8015	4193
3917	2269
4701	2795
4149	2289
7789	4136
6289	3486
5918	3221
7650	4125
8452	4469
8036	4226
7516	3954
5149	2860
7680	3848
5663	3051
8433	4278
6771	3559
6509	3394
8250	4173
7714	3994
7657	4058
8358	4387
5720	3073
7404	3892
7723	3896
7749	3906
7469	4069
7598	3916
7906	4005
5932	3146
7684	3898
7766	3993
8407	4365
8066	4160
8331	4140
8255	4284
7125	3735
6824	3636
8120	4133
7964	4011
7858	4033
6164	3397
7858	4097
5866	3321
6312	3206
7819	4107
8248	4437
8152	4259
6270	3326
8207	4455
7998	4216
7801	4041
4253	2531
7591	3868
7629	4026
7879	4312
7608	4011
7436	3858
7183	3863
7650	3990
7787	3906
7050	3501
7861	3994
7659	4054
8135	4061
8334	4505
8116	4089
5580	3135
6746	3498
7525	3657
7865	4179
8352	4564
6374	3585
7400	3977
7744	3670
7864	3823
6332	3466
7942	4150
7458	3894
7947	4092
6132	3310
6852	3538
8234	4260
5890	3015
7104	3780
7951	4006
6201	3444
7519	4033
7689	4092
7505	4026
7074	3671
6173	3217
8012	3982
6645	3480
6478	3574
7813	3897
7248	3648
8291	4215
5802	3008
5456	3060
5561	2975
8470	3997
7618	4205
6593	3471
7556	4292
7300	3662
8032	4371
7875	4300
8237	4142
7726	4177
8537	4405
6747	3932
8009	4073
3110	2226
8517	4315
6093	3291
5721	3110
7571	3921
7767	4069
6785	3607
6954	3511
6899	3534
7674	4203
7843	4055
6249	3446
8448	4598
7006	4004
7798	4001
8095	4058
4287	2739
7847	4210
7149	3838
7851	4297
4882	2908
8251	4078
3555	2359
8309	4237
8318	4022
4556	2815
6889	3446
8372	4613
8079	4092
5762	3207
7138	3823
8201	4332
7680	4075
7696	4067
7860	4095
7975	4095
8205	4389
4251	2465
6056	3384
7921	4468
6582	3416
8002	4178
5424	3038
6809	3715
7868	4080
7472	3827
5265	2942
8019	4053
8386	4634
6910	3906
6604	3619
8321	4565
7333	3743
7324	3728
4796	2713
4208	2224
7683	4161
7234	3804
7462	3675
7023	3723
7376	4129
7317	3939
8166	4451
8223	4304
8247	4150
8018	4443
6258	3274
7647	4012
7476	3847
4657	2870
8256	4299
8555	4395
8649	4422
7780	4101
8006	4135
8518	4549
7483	4021
7330	3849
7644	3894
7601	3868
7778	4039
7692	3951
6990	3745
7481	4006
4378	2436
5913	3332
6473	3598
7964	4009
5300	2790
8152	4260
8329	4538
8034	4332
7354	3939
7607	3909
8096	4224
8263	4256
7211	3605
6726	3599
7863	4096
7867	4333
7218	3800
8227	4392
6357	3427
8100	4002
7759	4111
7314	4108
7377	4065
7690	4006
5071	2976
7506	3882
4852	2948
8108	4235
6717	3477
8257	4280
6637	3730
5103	2679
7615	4325
6726	3682
7940	4165
8457	4321
7798	4219
7368	3933
7832	4106
6686	3253
5296	3121
7534	4052
7813	4368
6586	3634
5339	3151
5715	3025
5739	3044
7493	4087
7631	4078
6911	3603
5496	3050
7765	4100
6941	3891
8429	4207
7454	3696
4582	2474
7930	4297
7472	4106
6278	3325
7092	3727
6724	3657
8323	4272
8318	4529
8390	4339
7713	4172
7926	4153
7365	3775
7912	4472
3769	2534
7986	4168
6561	3616
7259	3787
8234	4202
7173	3871
7708	3884
8683	4499
5879	3022
7916	4200
7634	4104
7614	3991
8357	4340
8115	4118
7269	3759
8165	4324
8036	4224
7856	4056
6708	3658
7762	4101
5510	3122
7911	4163
7528	3911
7599	4073
6366	3391
5243	2990
7946	4206
8150	4009
8433	4505
7224	3883
8129	4309
7812	4039
7902	4168
7498	3947
7742	4139
8383	4604
8340	4242
5695	3233
5220	2947
7767	4026
7818	4072
8541	4465
7732	4054
7632	4001
7913	3949
7672	4028
8192	4259
7871	3916
8091	4183
7532	3892
8100	4151
8379	4313
7447	4025
8430	4334
7906	4251
7627	3951
4857	2617
7859	4081
6873	3577
8104	4187
7176	3773
7113	3721
3750	2465
8377	4411
6737	3492
7734	3919
7911	4041
8001	4161
7973	4196
8050	4272
7917	4111
7425	4167
8459	4293
7183	3816
5895	3220
8388	4456
7654	3939
7445	4083
8061	4361
7944	4058
8192	4260
5972	3356
7678	4077
4189	2756
6668	3604
7733	4060
4638	2593
8477	4607
7995	4709
3937	2119
7422	3928
7831	3798
8080	4154
7977	4033
6966	3712
8196	4324
7579	3957
8012	3998
8301	4232
7762	4021
7700	4010
6698	3655
6760	3950
5188	2893
8283	4267
7643	3916
8414	4665
8148	4153
7703	4287
7810	4167
7790	3938
6940	3662
6721	3545
8189	4426
7099	3853
8187	4272
8015	4073
7284	4035
7898	4147
7996	4225
7831	4155
7846	3940
6809	3589
8030	4271
7162	3862
4587	2726
7307	3667
7204	3863
8205	4339
7655	4002
5700	3114
6999	3672
7887	4049
5163	3032
8277	4323
6859	3870
7905	4321
7847	4253
7382	3765
5359	3145
7279	3797
7832	4048
8065	4316
7792	3881
7905	4433
7648	3739
7975	4208
7270	3926
2816	1819
8280	4227
7828	4014
7659	4110
6568	3893
4158	2675
8313	4282
7651	3889
8790	4764
8453	4776
7674	4000
8773	4344
8558	4466
8960	4484
6879	3735
5433	3390
7819	3902
7869	4251
8355	4421
7981	4086
9220	4894
6769	3877
9420	4680
8916	4609
9316	4903
8787	4725
8417	4376
8390	4305
7195	4159
6625	3357
9444	4955
9160	4748
9456	5164
9060	4493
9104	4739
5944	3202
8059	4061
8513	4436
3889	2566
9402	4928
8266	5060
8774	4742
8837	4292
6380	3934
8695	4606
8615	4844
6041	3390
8481	4470
8792	4561
9110	4736
9064	4748
7067	3836
8656	4426
8599	4523
8587	4348
8758	4398
8212	4275
9245	4756
7610	4063
8474	4496
8351	4272
7906	4178
8789	4543
9429	4983
8909	4668
8323	4307
8604	4326
9464	4791
7121	3935
8278	4365
8835	4523
6906	4059
8661	4454
8765	4599
9271	4759
9073	4798
9010	4597
9102	4970
9103	4502
8633	4408
9234	4651
7749	4066
8731	4488
8657	4611
6529	3611
8852	4734
5244	3128
9232	4750
7498	3846
7733	4102
7505	4012
8672	4529
6847	3768
8483	4336
8280	4455
9495	4852
8902	4498
8846	4421
9124	4701
8129	4354
8758	4623
6694	3514
5647	3344
7637	3901
7369	3872
8443	4443
6258	3532
8737	4505
7738	3952
8596	4592
9055	4610
8996	4781
8159	4392
9279	4931
8829	4638
3112	1932
8416	4839
8447	4476
8391	4254
9219	4740
6874	3813
8897	4545
8826	4568
8443	4339
8658	4404
9404	5073
8033	4268
7479	4166
8749	4588
8168	4447
9523	4155
8402	4656
9269	4929
8356	4656
8813	4429
8961	4380
8722	4403
8234	4253
8771	4697
4371	2772
9480	4925
8370	4411
8314	4539
9004	4698
9043	4494
8646	4379
9377	4572
9038	4580
9234	4837
8835	4762
8531	4386
7712	3954
9328	4814
9053	4576
8366	4074
7781	4062
6875	3848
9640	5356
9030	4643
7766	4308
7916	4069
9461	5134
9035	4752
8498	4456
5984	3228
9090	4839
8974	4496
9076	4420
8684	4590
9193	4781
8854	4706
5155	2792
8463	4454
7721	3962
8104	4331
8435	4688
8004	4267
8961	4633
8156	4325
8034	4472
8545	4703
5250	3018
7514	4360
7803	4225
8784	4620
8673	4613
8836	4597
8818	4736
8478	4469
8712	4446
9165	4624
8549	4192
8117	4344
8692	4366
4812	3105
8499	4512
9758	4941
8212	4349
8637	4700
8583	4471
8658	4770
7413	4082
9060	4436
4812	3277
6155	3639
8047	4438
6162	3193
4896	2723
6414	3645
8360	4300
4873	2662
7223	3905
8788	4429
8909	4613
7959	4410
8682	4816
6615	3644
9356	4720
8760	4454
7813	4086
5103	3019
7429	3879
8670	4739
8306	4510
5848	3528
6171	3511
5382	2998
3403	2334
4095	2427
8758	4798
9064	4674
9363	4851
9285	4724
9002	5010
9044	4662
9041	4819
8723	4533
8490	4846
8993	4731
9201	4794
7226	3923
6291	3300
9317	4308
8926	4464
4910	2955
8031	4334
8579	4604
8724	4412
7161	3834
8837	4773
7618	4103
6448	3567
8006	4254
8205	4076
9061	4831
7334	3853
8342	4557
9339	4747
7009	3713
8974	4542
9082	4529
8806	4747
8796	4575
8015	4302
8224	4478
7406	4210
9868	5048
9272	4818
5697	3186
7726	4114
8876	4355
8149	4410
8342	4467
8532	4613
8594	4423
8666	4222
9229	4790
7513	4218
7111	4023
8736	4370
8381	4151
6498	3819
7499	4045
8248	4301
8584	4626
8788	4665
6796	3715
8792	4509
5690	3235
5994	3404
7239	4161
9138	4949
7121	3868
9201	4948
9472	4906
8860	4642
7848	4066
8783	4387
8772	4766
8915	4609
8664	4494
4942	3072
8116	3588
8458	4327
9192	4519
6708	3873
7999	4421
7649	4155
7104	3884
5454	3085
9196	4813
9228	4626
8901	4529
8415	4420
7866	4062
8360	4510
9381	4861
6433	3795
8698	4645
8379	4379
8003	4516
7024	3682
9457	4975
9048	4716
7067	3690
7830	4359
8488	4543
8164	4171
9077	4196
8346	4330
8702	4487
8597	4606
9245	4854
8400	4470
7693	4161
8447	4477
6631	3807
8815	4609
7751	4197
8131	4112
7987	4051
3976	2445
8672	4574
8562	4473
6498	3432
7398	3828
8734	4947
8600	4481
9128	4614
8461	4610
8462	4559
9566	4797
9301	4818
8524	4463
8418	4447
8056	4300
5724	3160
8992	4854
8504	4250
8220	4142
5151	3058
8421	4453
7212	3800
7807	3931
4771	2730
9005	4678
7178	4000
8134	4377
8634	4680
6746	3784
8886	4743
9069	4783
5163	2957
8695	4501
9155	5093
8595	4420
8703	4561
4153	2579
8957	4783
8792	4404
7146	3622
9458	4538
7995	4128
4070	2405
8415	4523
9092	4719
4261	2730
8773	4554
9093	4490
8932	4814
8543	4356
8430	4442
5754	2998
8336	4326
5727	3041
9201	4874
9165	4874
8840	4537
9080	4816
7334	3992
8594	4846
6863	3603
9231	4678
8461	4511
8956	4459
6942	4014
8787	4761
8849	4593
8728	4520
8500	4429
7720	4165
8153	3961
9023	4684
9316	5602
8352	4434
6297	3580
5155	2989
9038	3819
7220	4006
8512	4366
8624	4357
9137	4906
8923	4280
8791	4109
9120	4826
7799	4116
8918	4712
9134	4650
9414	5065
9096	4659
9104	5204
7724	4052
4837	2836
8458	4271
7638	4091
8091	4432
6432	3243
9012	4608
8761	4690
8840	4457
8680	4618
8845	4551
9024	4730
6726	3484
6889	3911
8577	4610
7312	3849
9056	4565
9429	5198
8981	4622
6332	3238
8554	4439
7306	3923
8723	4613
8395	4672
7332	4216
9287	4745
8345	4537
7579	4111
6774	3682
9595	5044
8150	4100
8775	4525
7857	4213
7992	4258
5986	3399
7148	4138
9321	5160
9149	4680
8313	4488
8590	4442
8534	4688
8531	4309
8156	4430
8802	4500
8686	4572
4634	2630
9276	4876
8088	4264
8038	4394
9263	4776
3763	2621
8119	4333
8941	4569
8053	4270
8533	4318
5914	3402
9501	4931
8684	4407
7864	4318
6752	3707
7273	4241
9091	4869
8890	4294
8991	4776
6248	3529
6584	3622
8853	4953
6963	3785
8811	4552
9490	5007
8664	4528
8032	4182
7685	4250
9218	4631
8498	4372
8915	4485
8428	4439
8439	4275
9004	4623
9216	4716
7430	4057
9297	4906
6528	3876
8545	4469
9557	4905
8676	4529
9176	4447
8325	4514
6795	3562
9358	4948
7223	3838
7164	3872
5531	3228
9162	4879
9193	4889
8042	4265
8206	4276
9078	4560
9246	4809
8270	4685
7718	4217
9398	5169
8907	4644
7991	4126
7463	4071
8335	4200
8357	4309
8393	4191
9427	4743
8114	3928
6902	3657
8475	4754
8725	4518
7419	3970
8075	4430
9549	5235
9011	4790
8651	4410
9486	4925
8717	4723
7591	3868
8638	4537
7640	4315
8968	4660
8743	4465
8493	4627
5531	3010
7885	4138
8820	4720
7879	4055
9250	4813
6176	3560
9013	4507
8816	4590
9203	4912
4769	2931
8165	4230
9303	5107
9088	4680
8660	4523
9237	5156
8184	4354
7611	4203
6321	3488
7539	4042
6910	3658
7074	3752
8880	4726
9191	4968
8117	4241
7244	3881
8696	4600
7880	4306
9377	4843
8654	4601
8157	4376
8576	4490
5763	3142
8486	4533
8066	4167
6002	3364
4378	2584
8171	4183
4447	2716
9430	5211
9564	5132
9158	4828
9077	4698
5889	3330
8501	4300
8716	4535
8905	4550
8738	4638
9330	5145
7834	3966
8785	4527
9323	4961
8769	4565
6023	3369
4323	2570
9130	4764
8871	4706
9307	4848
5364	3056
8857	4517
8396	4403
8176	4247
8802	4584
8222	4400
8828	4841
8817	4386
7966	4245
7111	4045
7458	3823
5383	3448
9476	5088
8308	4395
8846	4512
8481	4637
9183	4754
8692	4860
8879	4657
8786	4557
8783	4416
9526	4784
6242	3601
8803	4418
7856	4343
8782	4758
6405	3258
7436	3936
8247	4394
8442	4208
8453	4454
9215	4756
9444	4773
7778	3970
7081	3921
8575	4407
7875	3939
6136	3600
8013	4382
8993	4635
8433	4805
8441	4746
6982	3763
9266	4528
9063	5093
8975	4584
9296	4772
8398	4300
6213	3446
8339	4325
8951	4811
8272	4274
7980	4384
7578	4245
8325	4387
8729	4673
8469	4436
7512	3835
5987	3436
6226	3451
7297	4086
6102	3629
8835	4623
5432	3213
8541	4869
7428	4048
6376	3366
9090	4658
8419	4325
8047	4403
8671	5175
3853	2550
8557	3945
8293	4500
9492	5066
8228	4361
9017	4595
7944	4243
4606	2797
8421	4301
9033	4211
8499	4403
9308	5051
7755	3941
8859	4723
8172	4122
9432	4713
8913	4541
9445	5132
8005	4181
7753	4173
9464	4801
7506	4099
9285	4897
8190	4625
7378	3719
5878	3656
8948	4710
8329	4702
8444	4252
8840	4793
8758	4476
8297	4502
5987	3230
8948	4931
8244	4558
8659	4501
8982	4797
8687	4762
9085	5107
6206	3309
8503	4505
8222	4506
8660	4630
5890	3247
9044	5031
6844	3722
9112	4767
7887	4201
8944	4672
8203	4237
5109	2915
8840	4436
8624	4431
7754	4101
7349	3865
7677	3917
8546	4591
8799	4439
5158	2878
8417	4350
8539	4497
6900	3725
9181	4797
8460	4426
9226	4738
6839	3677
9361	4862
7901	4160
8032	4237
8710	4596
8650	4778
9491	4718
5159	3014
8492	4413
9296	4768
7255	3864
8667	4526
9315	5025
6301	3386
8498	4496
7634	4267
4357	2804
8702	4513
8406	4561
8462	4351
8538	4914
4933	2685
8790	4541
9388	5212
9017	4739
9429	4973
8497	4487
9051	4595
8564	4469
8061	4171
9110	4711
8782	4558
8261	4227
7710	4181
6890	3785
8854	4694
9242	4733
5986	3330
7289	4077
8801	4791
8615	4543
8220	4413
7992	4125
9009	4845
7563	4199
6976	3883
9322	4842
8607	4766
4274	2825
9130	4978
7823	4116
8013	4370
8963	4863
4945	2807
8369	4209
8401	4285
8488	4659
8029	4237
8727	4565
8725	4683
8782	4616
6680	3648
8587	4460
6240	3608
7389	3933
9308	4760
8831	4590
8301	4331
9117	4707
9450	4767
6233	3391
8061	4000
7885	4229
9171	4562
9362	4903
8232	4390
7386	4198
8286	4032
8914	4804
9144	4812
8814	4687
8393	4331
8925	4638
8773	4736
8594	4624
8745	4564
8843	4503
6858	3610
6377	3643
7950	4143
9132	4613
7227	4047
7683	3927
8841	4938
8415	4300
5264	2983
9203	4840
8921	4601
9106	4598
8185	4317
9204	4848
8669	4615
5156	3125
8234	4428
8830	4587
7009	3826
4625	2918
6637	3684
8746	4914
6252	3566
8355	4416
9017	5103
8637	4428
8762	4598
7228	3900
9154	4851
8325	4410
8657	4293
8076	4348
8931	4690
6603	3743
8773	4503
6215	3302
8584	4456
8942	4795
6948	3718
9142	4853
8471	4374
8676	4540
8482	4601
8926	4549
5241	2976
9123	4568
7843	4490
8554	4514
9454	5038
8946	4725
8844	4878
9049	4644
9315	4717
8504	4401
8115	4238
7885	4258
5762	3262
8656	4564
8054	3923
9310	4696
8408	4388
6873	3748
9008	4932
8157	4001
5449	3174
5549	2873
9164	4915
9525	4972
8777	4550
8534	4388
6725	3795
5460	3278
8560	4660
8282	4125
4530	2764
8472	4478
8496	4432
9304	4875
8647	4683
9143	4705
7073	4110
8599	4728
7745	4039
8528	4463
9178	4867
9242	5256
8194	4266
9626	4807
8955	4339
8091	4366
7847	4424
7125	3913
5423	3287
8506	4497
8615	4525
9125	4899
9457	4880
8651	4715
8487	4311
8473	4384
8194	4457
8615	4364
8565	5019
3596	2653
8503	4448
7821	4286
7436	4286
6878	4040
9161	4750
8407	4625
8944	4657
8065	4135
5862	3290
8212	4502
7113	3531
8160	4468
9367	4878
8676	4554
9152	4738
9246	4460
9282	4572
8702	4501
9220	5346
8433	3982
4390	2821
2621	2255
6326	3440
9014	4793
8223	4077
9054	4881
8154	4248
7345	4070
9048	4644
7700	3961
9372	4871
6377	3694
8299	4482
7987	4193
8283	4383
8631	4453
9047	4789
8598	4627
9024	4707
8615	4510
8091	4504
8408	4381
6870	3508
6641	3508
6061	3410
8406	4700
5395	2924
6467	3446
8573	4364
9141	4940
9521	5168
8750	4463
7501	4182
5121	3130
9527	4908
8611	4705
8937	4623
8569	4818
8818	4835
9256	4705
8744	4596
6803	3852
8592	4741
