0	0	12	1200
0	1	12	527
0	2	12	522
0	3	12	525
0	4	12	541
0	5	12	520
0	6	12	514
0	7	12	521
0	8	12	516
0	9	12	513
1	0	0	2007
1	1	0	1577
1	2	0	1598
1	3	0	1595
1	4	0	1585
1	5	0	1606
1	6	0	1331
1	7	0	1211
1	8	0	1264
1	9	0	1244
2	0	65	2120816
2	1	65	2123081
2	2	65	2123344
2	3	65	2122361
2	4	65	2122310
2	5	65	2116894
2	6	65	2122861
2	7	65	2122323
2	8	65	2122571
2	9	65	2122606
3	0	0	586
3	1	0	479
3	2	0	393
3	3	0	403
3	4	0	422
3	5	0	402
3	6	0	398
3	7	0	397
3	8	0	393
3	9	0	400
4	0	956	834498
4	1	956	833265
4	2	956	1217276
4	3	956	1219396
4	4	956	1216532
4	5	956	1213775
4	6	956	1212663
4	7	956	1212541
4	8	956	1212771
4	9	956	1212879
