0	0	980	19541582
0	1	980	24688036
0	2	980	24688740
0	3	980	24737838
0	4	980	24683939
0	5	980	24691049
0	6	980	24696009
0	7	980	24696509
0	8	980	24745534
0	9	980	19591720
1	0	29222	284668
1	1	29222	284439
1	2	29222	284559
1	3	29222	286230
1	4	29222	284611
1	5	29222	286549
1	6	29222	287848
1	7	29222	285322
1	8	29222	286709
1	9	29222	286661
2	0	4601	566523
2	1	4601	569704
2	2	4601	570864
2	3	4601	573241
2	4	4601	573096
2	5	4601	572521
2	6	4601	568757
2	7	4601	571644
2	8	4601	571622
2	9	4601	582525
3	0	654	2408428
3	1	654	3324413
3	2	654	2410612
3	3	654	2427630
3	4	654	2421996
3	5	654	2406240
3	6	654	2424308
3	7	654	2455714
3	8	654	2481570
3	9	654	2490399
4	0	302	115985
4	1	302	121683
4	2	302	117573
4	3	302	119858
4	4	302	118425
4	5	302	119368
4	6	302	121207
4	7	302	119393
4	8	302	120804
4	9	302	117915
5	0	2342	9342
5	1	2342	8385
5	2	2342	8383
5	3	2342	8371
5	4	2342	8380
5	5	2342	8388
5	6	2342	8390
5	7	2342	8382
5	8	2342	8397
5	9	2342	8381
6	0	80	4378
6	1	80	4114
6	2	80	4110
6	3	80	4100
6	4	80	4102
6	5	80	4099
6	6	80	4103
6	7	80	4109
6	8	80	4105
6	9	80	4101
7	0	270	389045
7	1	270	387779
7	2	270	390796
7	3	270	392986
7	4	270	387627
7	5	270	390840
7	6	270	391120
7	7	270	390270
7	8	270	403079
7	9	270	398648
8	0	240	1327
8	1	240	1141
8	2	240	1152
8	3	240	1140
8	4	240	1142
8	5	240	1136
8	6	240	1150
8	7	240	1139
8	8	240	1138
8	9	240	1152
9	0	17492	120511
9	1	17492	121551
9	2	17492	124243
9	3	17492	122967
9	4	17492	123760
9	5	17492	123981
9	6	17492	121529
9	7	17492	122338
9	8	17492	121374
9	9	17492	122785
