0	0	12	97
0	1	12	121
0	2	12	123
0	3	12	123
0	4	12	115
0	5	12	124
0	6	12	134
0	7	12	119
0	8	12	120
0	9	12	114
1	0	4588	26669
1	1	4588	26531
1	2	4588	26291
1	3	4588	26602
1	4	4588	26489
1	5	4588	26541
1	6	4588	27022
1	7	4588	26440
1	8	4588	26580
1	9	4588	26560
2	0	65	131881
2	1	65	132097
2	2	65	131238
2	3	65	129933
2	4	65	138759
2	5	65	130232
2	6	65	132639
2	7	65	131872
2	8	65	131521
2	9	65	134864
3	0	206	2252
3	1	206	2302
3	2	206	2303
3	3	206	2300
3	4	206	2275
3	5	206	2309
3	6	206	2309
3	7	206	2313
3	8	206	2303
3	9	206	2288
4	0	765	20765
4	1	765	20817
4	2	765	20788
4	3	765	20842
4	4	765	20798
4	5	765	20817
4	6	765	20841
4	7	765	20869
4	8	765	20830
4	9	765	20825
