0	0	12	330
0	1	12	165
0	2	12	127
0	3	12	129
0	4	12	122
0	5	12	121
0	6	12	119
0	7	12	125
0	8	12	122
0	9	12	115
1	0	4588	20749
1	1	4588	17469
1	2	4588	17488
1	3	4588	17362
1	4	4588	17344
1	5	4588	17346
1	6	4588	16958
1	7	4588	17169
1	8	4588	17175
1	9	4588	17333
2	0	65	166174
2	1	65	132411
2	2	65	133114
2	3	65	132785
2	4	65	131599
2	5	65	132043
2	6	65	131538
2	7	65	132412
2	8	65	131334
2	9	65	131367
3	0	206	8625885
3	1	206	9314262
3	2	206	9258932
3	3	206	9323561
3	4	206	9314548
3	5	206	9274834
3	6	206	9274261
3	7	206	9370459
3	8	206	9281367
3	9	206	9267633
