0	0	12	333
0	1	12	159
0	2	12	127
0	3	12	127
0	4	12	118
0	5	12	120
0	6	12	118
0	7	12	125
0	8	12	119
0	9	12	114
1	0	4588	31653
1	1	4588	28818
1	2	4588	28764
1	3	4588	28744
1	4	4588	28365
1	5	4588	28693
1	6	4588	28288
1	7	4588	28737
1	8	4588	28562
1	9	4588	28563
2	0	57	242099
2	1	57	239866
2	2	57	239018
2	3	57	240111
2	4	57	238798
2	5	57	239509
2	6	57	239657
2	7	57	239730
2	8	57	238833
2	9	57	238372
3	0	206	2550
3	1	206	2395
3	2	206	2339
3	3	206	2352
3	4	206	2340
3	5	206	2389
3	6	206	2374
3	7	206	2333
3	8	206	2342
3	9	206	2332
4	0	765	22363
4	1	765	20849
4	2	765	20430
4	3	765	20445
4	4	765	20436
4	5	765	20465
4	6	765	20421
4	7	765	20587
4	8	765	20289
4	9	765	20432
