1024	1893
322	2348
1634	2885
1132	2483
1159	2057
761	2069
1141	2397
1435	2399
1687	3418
1732	2983
1219	3058
1203	2568
1153	2566
1348	2013
1279	2332
779	1805
989	2088
1559	2770
859	1911
941	2940
1692	3056
1015	1902
1410	2531
972	1887
1035	7102
1649	2772
1534	2992
981	1882
977	2210
1234	2146
1802	2322
1444	2359
1690	2928
1540	2784
979	1866
1612	2810
1519	2610
1699	2114
975	2206
1295	2512
1072	2818
1590	3262
1247	2032
1004	2044
253	2071
908	2241
921	2237
1453	2744
961	2022
532	2095
1131	2092
795	1618
1933	2888
1165	2175
1342	2069
1693	3051
648	1780
1454	2690
755	1824
966	2191
994	2604
1737	3184
869	1983
766	2522
1874	3075
681	2021
1458	2947
1131	2326
955	2022
946	1970
1032	2338
1733	2767
972	1632
1530	2900
1078	2343
1150	2009
1045	1951
1265	2380
761	1814
999	2083
1676	3027
900	2292
498	2311
1590	2794
1189	2276
1033	1892
1405	2828
1163	2272
1251	2255
1674	3070
1290	2239
766	2080
1637	2723
1281	2986
1187	2408
1151	1998
1343	2692
979	2076
1059	2248
1220	2231
1768	3073
947	1889
1569	3024
1073	2009
1090	1765
831	2612
1068	1911
1030	1948
1042	2281
1097	2035
1201	2171
1736	3000
1244	2794
1209	7902
1775	2948
981	1730
1870	3079
722	2195
1319	2266
1003	1897
1450	2590
1664	2565
1759	3343
1055	2162
1226	2360
1036	2090
1131	2061
1242	2803
1258	2161
1672	2546
1634	2660
1559	2798
913	1696
726	1967
1513	2808
1085	2177
1596	2979
1802	3251
1110	2181
982	2371
1413	2379
1429	3172
1193	2305
1210	1936
1030	2106
1557	3053
911	2265
1328	2804
692	2137
1545	3022
1171	2169
1161	1944
1024	1983
1597	3088
1295	2438
1582	2889
719	2185
807	1617
1410	2118
1353	2634
1012	1878
1449	2641
1256	2794
1270	2648
1116	2446
1470	2571
1065	2618
1726	2957
1153	2436
1108	2208
1218	2313
1039	2190
953	2209
1228	3925
936	1861
1377	2613
1082	2132
1105	1808
1069	1967
1087	2393
1205	2287
763	1777
1119	7030
955	1887
784	2137
1115	2561
1622	2949
1957	3136
1494	2431
1125	2413
1678	3229
522	2116
780	3479
1468	2720
1151	2034
1212	2412
1535	7294
810	2581
1495	2586
1148	2341
1149	2293
969	2210
1339	2546
973	2057
1155	2419
1056	2087
995	2995
861	1970
1440	2946
1479	2830
1209	2260
1287	2101
1037	2032
1315	2575
1283	2630
1044	2009
1628	2830
1236	2715
590	1949
1220	2936
1201	2267
964	1830
1205	2407
1449	2344
1044	2977
1280	2568
1111	1997
1058	2075
1361	2336
1005	2264
1726	2905
1819	3250
1556	2720
1106	2320
997	1791
1318	2700
856	2614
1017	2572
986	2152
1744	3119
1670	2805
1394	2721
649	2471
1274	2470
1440	2836
1017	2406
1004	2106
1363	2440
1358	2341
1312	2542
1041	1776
1029	2065
1223	2795
1134	2333
1000	1935
792	2169
1437	2901
1408	2515
1185	1979
1788	3301
1367	2811
817	1791
1067	1834
1889	3636
1836	2978
1162	1943
1501	2705
1829	3254
958	2260
879	1763
1722	2984
1130	2186
1003	1913
974	1672
1005	2171
1609	2668
1054	2196
1493	3552
1102	2231
1034	2183
1045	1913
1334	2350
1145	2199
618	2207
1846	3124
1389	2513
1619	2617
690	2527
1631	2972
949	1805
872	2956
1123	2143
1295	2429
728	2343
1789	3008
1074	2481
1223	2201
1091	2284
1102	2282
1367	2514
1372	2305
1139	2367
1020	2741
970	2135
1188	2577
959	2206
908	1955
1657	3093
717	2318
1525	2853
1437	2642
953	1948
877	2181
772	1705
1590	2783
826	2260
1702	3049
1927	3286
1815	2963
1036	2202
1291	2419
1775	3495
1501	2586
1098	1929
1222	2105
1504	2534
1175	2430
1029	1866
1263	2429
1096	2599
1168	2704
1092	2333
1285	3049
1733	2960
1341	2804
1533	3056
1541	3136
1523	2840
1127	2664
1058	2135
1031	2472
1727	3342
488	2645
1356	2610
1587	2886
811	1873
1195	2077
1070	2034
1078	1950
515	1660
929	1970
922	2660
664	2476
1242	2424
1084	1973
1238	2449
1182	2298
1436	2969
1124	1846
1597	2953
1045	2143
1469	2720
1416	2584
1711	2805
1314	2584
1246	2023
918	2487
1534	2899
1183	2041
1080	2361
983	1741
1592	2492
989	3074
1385	2877
1038	2048
1264	2363
1212	1916
1803	2877
1203	2432
1210	2765
999	1844
1744	2891
994	1795
1375	2793
1565	2774
1530	2539
1563	2393
1135	1994
1295	2273
918	1906
876	2647
1420	2669
1276	2410
1169	2631
504	2088
1374	3126
1141	2290
1334	2556
1100	1784
1848	3035
731	2080
1223	2425
1636	3112
1190	2602
1264	2312
1258	2076
847	1880
1049	2153
890	1934
722	1868
1373	2681
1378	2710
1381	2622
1398	2791
985	2190
1434	2849
1867	3221
1748	3203
1564	2676
1006	2027
1857	3522
1506	2661
1009	2737
1167	2273
874	2523
1066	2212
1449	2840
1500	2422
1083	2127
896	2055
1499	3382
1404	2497
1198	2402
1356	3004
1424	2815
1734	3078
1284	2221
1430	2342
997	2066
1465	2999
1481	2681
1418	2354
1367	2387
1197	2360
1867	3480
1560	2971
1306	3342
1302	2359
1483	2555
1208	2551
1404	2448
1642	2548
1548	2876
987	3018
1198	2639
902	2059
664	1710
1753	2973
1141	1785
1041	2074
1091	1971
1193	2115
1078	2498
1137	2128
1298	2321
1119	2401
916	1902
1482	2960
1786	2506
1000	2375
1252	2289
1536	2374
1225	2520
884	3584
1178	2927
1134	2277
1380	2777
1029	2344
1006	2321
968	2194
1288	2698
1461	2745
1227	1973
1735	3263
1184	2303
1256	2607
1054	2027
1500	2756
1465	2471
1359	2381
1557	2916
1605	3022
1421	2459
1708	2821
843	2552
1439	2712
1498	2899
1403	2617
1441	2620
1211	2379
1609	2771
1393	2634
1663	3214
1012	2134
579	1900
1410	2581
1787	3427
1058	2318
1940	3292
924	1644
945	1911
996	1971
1088	2419
1681	2993
1458	3319
1167	2528
1155	1857
1249	2089
1900	3417
777	2270
1669	2601
1323	2523
792	1811
962	2028
1183	2309
1354	2367
958	1983
1255	2795
949	2055
1313	2211
1718	3200
1313	2509
1569	2380
1280	2242
1198	3672
1041	1987
861	2152
1541	2983
733	2209
1301	2199
822	2298
1151	2278
1359	3015
1414	2622
1433	2406
1660	2917
1020	2058
1207	2591
835	1926
1789	3263
1696	3372
915	2016
919	2184
1349	2854
1403	2772
1328	2450
996	1905
1799	2915
1225	2167
1512	2761
970	1803
1637	3116
870	2539
1382	2792
1069	2012
1241	2472
1294	2620
1025	2434
963	1983
1112	2261
1588	2839
1535	3019
1623	2669
1921	3224
1176	2327
979	2323
1400	2359
1072	2545
1552	2859
990	2066
1030	2255
956	1902
1109	2239
884	2053
965	2026
1001	2880
822	2081
868	1882
970	2042
969	2147
1059	2136
1099	2756
1136	1945
1003	1969
1038	1925
984	2021
1128	2480
1427	2696
1107	2368
1146	2403
666	3387
1631	2860
1757	2894
1479	3801
1119	2177
1706	2705
1427	2779
1548	2902
1257	2315
1444	2436
1394	2425
1495	2568
1291	3057
651	3247
1383	2409
1079	1899
1227	2634
1487	2601
1754	2948
1617	2908
856	1804
1414	2605
645	2093
779	1876
1620	3066
930	1978
1947	3131
1147	2204
963	2024
1071	2152
1342	2313
1141	2481
876	2167
1214	2681
1047	2312
1369	2737
962	1851
1610	3061
1343	2569
978	2090
1641	3223
1112	2027
1812	3398
617	2066
1971	2884
853	1979
1660	2607
1368	3214
1124	2230
1088	2229
907	1897
1707	3533
1452	2338
1573	3393
1434	2763
878	1856
1114	1974
1278	2811
1438	2839
1637	2912
1075	1900
1579	2648
1452	2785
1066	1850
958	1662
1253	2515
1580	2613
1385	3090
1723	3434
840	1927
1324	2766
1734	2952
1578	3013
538	1684
1354	3190
1138	2289
1247	2707
1792	3122
986	1844
1182	2757
861	1452
802	2191
845	2162
1134	1960
1237	2530
1818	3012
982	1842
1279	3008
1341	2672
1077	2141
1553	2388
1112	2184
1059	2034
812	1630
1497	2719
872	1863
1198	3107
1542	2803
1241	1949
1139	1766
1383	2361
1323	2564
1272	3313
1400	2935
1161	2013
899	2331
1101	2921
1200	2442
1296	2518
1035	1961
625	2208
1475	2814
1571	3575
1447	2965
1632	3035
1071	1841
699	1903
1169	2233
1028	2091
1134	2217
970	1861
1180	2209
1135	2093
1028	1878
1546	2917
1223	2973
1247	2626
963	1977
1900	3724
1114	2411
1328	2222
1593	2798
1133	1931
1141	2182
1020	2027
1203	2647
1006	1887
1036	2007
966	1822
1160	2351
1575	2559
1038	1903
877	1701
1034	2018
1105	2112
1273	2564
1091	2347
1768	3232
1640	2979
1750	3450
1593	3238
1550	2962
993	1692
1310	2265
1131	2286
1140	2245
1248	2291
1793	3344
925	2257
1504	2639
1327	2587
1013	1553
1486	2723
1228	2081
1008	1996
1644	3220
1468	2798
1097	1813
1377	3221
1724	2947
1118	2397
1311	2153
1907	3785
1536	2317
1220	2143
1105	2019
719	2084
912	1862
979	1830
1889	3421
1009	2004
1028	1802
798	1935
1783	2954
1072	1924
927	2027
837	1875
1241	2478
999	1934
1004	1839
1504	2535
1636	2912
1355	3251
959	2160
1075	2061
1178	2304
1473	2470
1024	2322
1542	2685
1466	2551
1017	2885
1674	2979
1297	2290
1267	2191
837	2148
426	3062
1630	2818
1207	2255
1694	3580
1774	3229
1459	2773
1067	2011
755	2025
1243	2233
1112	1891
1199	2144
1214	2310
1454	2538
1149	2302
1079	2115
1240	2661
1527	2878
1801	3390
978	1878
1448	2733
1299	2633
1073	2058
1398	2533
893	2958
1073	2034
1168	2067
1578	2805
733	2000
1389	3154
733	1922
930	2035
1642	2889
1684	2903
1240	2373
1131	2434
1020	2161
936	2390
1316	2221
1547	2950
1623	3118
1016	2131
1155	2074
965	1889
1132	2341
808	2095
977	1767
1244	2208
1032	2137
1606	2610
1141	2249
1536	2883
1243	2528
1692	3068
1057	2071
1476	2958
1422	2893
1444	2861
1357	3365
1069	2837
1132	2515
976	1885
878	2045
1159	2419
875	2028
1544	3238
1144	3026
1373	2583
1046	2123
1206	2261
1029	2117
1538	2644
1145	2260
562	1983
1367	2938
994	1898
968	3095
1499	2949
1557	3468
1412	2917
1164	2365
1181	2249
1020	2176
1036	2139
1086	2187
1209	2226
1012	2287
954	1919
671	1971
1161	2028
835	3233
1479	2793
1515	2803
1354	2676
1478	2565
1429	2973
1660	3234
1143	2533
1884	2962
1466	2658
1568	2829
1148	2384
1516	3428
311	2503
983	2830
1091	2743
953	2226
1281	2897
1493	3008
1119	3386
523	2420
1850	3195
1306	2674
1584	2476
1735	2985
1023	2002
1154	2666
721	2363
1559	2507
1623	2941
506	3107
1625	3238
1051	2360
893	2225
1314	3519
852	1683
1223	2673
1235	2174
1649	3163
1140	2775
1865	3483
992	2106
1745	3116
976	2042
1438	2715
1728	2963
1166	2406
1128	2084
1133	2668
1458	2701
597	3007
1870	3220
1199	2298
933	3687
1490	2805
1066	2305
1048	2208
1517	2747
1259	3247
1399	3070
1104	2084
854	1956
1665	2977
973	1906
1758	3350
1615	3298
1295	2335
1096	2034
1033	2187
1130	2454
1181	2434
1050	2791
1028	2223
899	3117
1167	2491
1136	2744
830	2001
1008	2087
1005	3454
769	2208
805	2132
1274	3048
1038	2341
882	1988
1573	2950
1015	1937
1346	2707
1002	2235
1042	2375
1840	3448
1716	3048
936	1953
1059	2288
1779	3538
1063	2104
1360	2542
1661	3126
1649	2941
1354	2817
994	2115
1557	2705
1315	2441
1229	1914
1518	2492
1431	2502
776	1986
2368	4396
2709	4842
2060	3428
2135	3808
1915	4055
1941	3815
2088	3866
2099	4500
1762	3689
1751	3936
2365	4466
2013	3976
2172	3550
2117	3953
2695	4537
2109	3661
2279	4398
1896	3629
2453	4125
2372	5854
1725	3790
1984	3585
1432	2897
1887	3619
2216	3928
2212	3903
2121	3740
2326	3789
2240	3949
1660	4389
2084	4275
2231	4551
2370	4391
1991	3846
2518	4734
1981	3549
2324	4317
2122	3689
2590	4257
2860	5112
2131	3723
2145	4327
1911	3921
2468	4502
2029	4621
2933	5206
1621	3158
1910	4218
2679	4650
1957	3965
2425	4065
1905	3272
2220	3848
2379	3697
1692	3109
2391	3761
2536	4948
2066	3850
2232	4411
2624	4879
2317	4085
1688	3535
2131	3686
2139	4832
2242	3793
2667	4415
2298	4102
2447	4438
1825	4871
1830	4750
2857	4804
2100	4448
1883	3775
1721	3270
2834	5017
2761	4104
2180	4129
2654	4396
2488	4808
2376	4199
2020	3736
2301	3965
2387	3790
2419	4757
2348	4693
2546	3996
2332	4338
1290	3857
2673	4511
1901	3657
1925	3826
2218	4227
2205	3854
2678	4848
2168	3512
2206	3987
2158	3626
1981	3723
2521	4757
2763	4816
1874	3630
2313	5295
2095	4705
2868	4806
1981	4890
2875	4234
1836	3680
2319	4559
2042	3560
1754	5014
2013	4562
2668	4982
2586	4149
1777	3554
2536	5016
2155	4100
1714	4340
659	3077
1491	3010
2028	3899
2443	4206
1993	3673
1215	3816
2259	4753
2551	4159
2539	4181
1944	3342
2402	4994
2023	2914
2866	5171
2049	4019
1923	3659
2035	3250
1845	3509
2283	4414
2598	4619
2433	4728
2041	3841
2741	4950
1336	4786
2142	3777
701	4304
2452	4635
2435	4574
2239	4143
2658	4749
1894	3847
2544	4537
2265	3852
1522	3634
2042	3439
2127	3788
2245	4643
2150	4894
2417	4543
2078	4244
2141	3954
1401	3527
810	3639
1885	3649
2298	4740
1812	3604
2554	4704
1677	3421
2335	4101
2450	4474
2141	3476
1222	4564
2878	5031
2746	4530
2023	3883
2662	5043
2076	3925
1995	3820
2597	4494
2210	4028
2521	4676
1997	4283
1590	2875
2406	4105
1860	3978
2470	3439
1813	3433
1565	4091
2456	4127
2138	3960
2228	4399
2161	4161
2750	4849
2171	4557
1115	3473
1964	3380
1988	3446
2185	3850
2350	4045
2389	4535
2425	4151
2148	4049
2496	4346
2146	4077
2071	4140
2079	4947
1694	4727
1811	3861
2399	4069
2479	4310
2162	4190
2184	3793
2146	4049
1945	3853
2412	3809
1835	3905
1828	2315
2049	3773
1876	4001
2265	4138
2218	4412
2126	3744
2148	3552
2752	4243
1951	3776
2096	3851
2438	4293
2016	3920
2216	3879
2397	4805
2790	4843
2341	3876
2615	4826
1506	3810
2593	4464
2420	4013
1926	3285
2718	4780
2005	4408
2301	4321
2188	3993
1948	3918
2266	4391
1720	4118
2183	4339
1492	3985
2651	5047
2389	4226
2304	4118
2772	4512
2494	4135
2444	4077
2442	3245
2035	4149
2178	3903
1384	4265
2041	3740
1851	3681
2752	5013
2523	4538
1643	3356
2687	5547
2074	3726
2192	4399
2232	4029
2778	4574
2040	3574
1755	4176
1647	3892
2118	3673
1843	3330
1932	4147
2173	4103
2126	3863
1916	3325
2682	4576
2450	3981
2087	4662
2349	4747
2397	4058
2031	3851
1104	4939
2499	4284
1945	3566
1657	3659
2276	3515
1816	3569
1965	3709
2757	4871
2770	4497
2188	4035
2015	4595
1691	3731
2061	4213
2617	4583
2066	4466
1885	3493
2135	4203
2707	4925
1678	3418
2353	4128
2918	4820
1948	3888
2031	4379
2346	4427
2186	4060
1653	4343
2177	4295
1941	3662
2034	3485
2732	4403
1954	4091
1432	4136
2224	4385
1847	4080
2052	4135
2370	4322
1917	3426
2700	5179
2003	4163
2202	4861
1961	3815
1506	3764
2211	4047
2005	3980
2032	3602
1256	3139
2180	3835
2385	3978
1887	3673
1941	3489
1769	3679
2481	5030
2637	4174
2816	4267
2226	4081
2139	4030
2652	4895
2721	4994
2210	3972
2437	4292
1479	3897
2443	4851
2625	5040
2757	4688
2455	4028
2085	3960
2077	3905
1779	3859
2119	3781
2438	2969
2081	3062
2019	2905
2653	5053
2145	3561
1930	3535
2169	4171
2724	4544
2939	4815
2039	3431
1941	3962
2253	4195
2247	4169
2261	3883
2137	3923
549	2623
2257	3790
1631	4350
2477	4245
852	5789
2203	3840
1936	3654
1995	3949
2621	4386
2371	4297
2194	3904
2135	4336
1626	3242
2092	3756
2271	4583
1916	3828
2220	4492
2715	4563
2629	4642
1579	3146
2131	3938
2094	3568
1767	4247
2133	3594
2734	4584
2838	5345
2363	4090
2266	4265
2612	4449
2789	4625
868	4038
2301	4028
2030	3784
2629	4869
2495	4347
2090	4561
1952	3283
909	3925
2302	4364
2105	4268
1961	3298
1948	3934
1663	3440
2362	4086
2131	3227
2061	3415
1992	4163
1850	3875
2618	5070
2408	4297
1967	3736
1751	3706
1998	2940
2157	4429
1915	2993
1853	4012
2793	4426
2145	5046
2056	4052
2376	4907
2644	4857
2826	4988
1712	4393
2271	4334
1998	3539
2328	4541
1890	3617
2612	4071
2731	4688
1530	3370
2173	3336
2020	3457
2235	3814
1491	3264
2003	3567
2620	5111
2082	4215
2075	3856
1263	3202
2237	5141
2156	4140
2039	3363
2656	4330
2389	4548
2171	3973
2199	3789
2081	4076
2069	4049
2677	4441
2688	4891
2148	3962
2759	4333
1899	3444
2289	4090
2006	3573
2025	3388
2040	3677
1788	4393
1746	3761
2045	3641
2804	5452
2371	3654
1998	4137
2457	4454
1688	3466
2291	4566
2755	5155
2130	4505
2890	4875
1993	3437
2661	4866
2132	4097
1366	3439
1786	3722
1784	4397
1947	3484
2009	4038
2742	4450
2053	3858
2562	4793
2231	3622
2569	5092
1984	4371
2076	3624
1220	3938
2729	4759
2449	4304
1789	3295
2092	4191
1650	3853
2279	3941
1998	3738
2026	4157
2675	4825
2074	4223
2191	3934
2815	4242
2160	3959
2012	4027
1241	4164
2828	5385
2776	4905
2216	3588
1961	4021
1957	4765
2636	4621
1796	4227
2226	3376
2307	4605
2595	4144
2725	5005
1748	4358
1952	3793
1916	3304
2430	5359
2540	4649
2407	4042
2183	3689
2506	4683
1932	4243
1647	3220
2293	3937
2075	3850
2093	3953
1229	3838
2698	4720
1658	3756
2031	4212
2057	3997
1900	4606
2356	4359
2562	4526
2341	4569
2151	4109
2513	4358
2335	4235
2024	3867
1972	3031
2252	3958
1996	3737
2090	4019
1537	3272
2680	4607
2696	4608
2080	4097
2717	4860
1796	4743
2385	3893
2250	4001
1983	3647
1973	3700
2068	4463
2076	3714
2232	5006
1888	3944
1915	3776
1473	4008
2745	4783
2107	4025
2169	3721
2574	4655
2333	4670
2647	4849
2372	3909
2000	3720
2429	4095
2264	3609
2875	4667
2238	3691
2647	4415
2635	4945
2274	4032
1800	3004
1021	3538
2305	3881
1797	3769
2290	3729
1968	3725
2731	4417
1648	3791
2311	3923
1749	4387
2550	4471
2299	4039
2603	5296
2867	5044
2120	3355
2311	4578
2460	4350
2355	4475
648	4782
2206	4165
2246	4060
2358	3785
2431	5001
2453	4900
2267	4310
2326	4460
2081	3771
1528	4022
2111	4883
2438	4301
1681	4409
2040	3592
1512	4907
2391	4387
1599	3663
2092	3560
2135	4068
2247	3750
1657	3804
1130	3695
2737	5257
1380	3606
2708	5052
2490	4581
2497	4180
2508	4750
2518	5304
2152	4447
1833	3878
2155	3658
1003	3898
2213	4114
2850	5187
2059	4125
2597	4577
2844	4825
1627	4717
1733	2962
2197	3901
1990	3627
1689	3459
1952	3955
2041	3914
2428	4473
1624	3645
2007	3572
2120	5057
2164	4175
1963	3860
1900	3298
1937	3722
1916	3297
2143	4388
2166	3774
2494	4850
1383	3714
2219	4270
1813	4247
2099	4567
2158	4724
2042	3794
2310	4159
2005	3518
2483	4633
2938	5181
2348	4818
1634	3519
2413	4380
2327	4242
2431	4315
1225	4233
2319	4260
2099	3920
2918	4589
2091	3755
2202	4150
2465	4140
2828	4377
1807	4522
2538	5115
2149	3563
1803	3820
2191	4320
1737	3597
2772	5046
2420	4471
1727	3434
2389	4437
2347	4237
2256	4347
1822	3955
2298	4092
2302	3422
2652	4356
2789	4457
2056	3905
2145	4393
2088	3828
1847	3027
2491	4518
2488	4835
1622	3443
1633	4291
2303	3790
1979	3373
757	3386
2174	4266
2428	4715
1962	3774
2083	3581
2201	4173
1024	3491
2113	3418
1646	4417
1131	3976
1589	2931
1211	4366
2733	5444
2528	4314
2191	5097
2527	2867
2597	4214
1972	3174
2450	4385
2063	3905
2643	4499
1991	3439
1798	4086
2458	4545
1765	3094
2795	4486
2128	4512
2189	3770
2131	4178
1928	3671
2782	5034
2376	4988
1878	3621
2374	4559
1163	3312
2509	4744
2010	3553
2031	3475
1582	3581
2872	5418
2063	3931
2276	4193
1976	3459
2718	5496
2230	4327
1788	3381
2087	3585
1861	4001
2058	3725
2661	4759
2810	4820
1629	4283
2490	4177
1936	3856
2207	4022
2252	3814
1896	3048
2758	4495
1189	3714
1309	4369
2814	4968
2684	4218
1972	3377
1180	4100
1891	3979
2915	5428
1575	3753
1826	3704
2463	4627
2648	4634
1833	4130
1393	3568
1118	4476
2846	5671
2641	5111
2672	4757
2042	3820
2188	3821
2747	4451
2111	3804
2053	3602
2488	4765
2391	4002
2335	4310
1001	3560
2020	3677
2211	3999
2603	4403
2129	4653
2002	3674
1878	4830
2267	4020
1858	3683
1266	3744
2143	3503
1842	4127
2658	4673
1834	3511
2649	4941
2507	4543
662	3681
2133	3952
2302	4613
1002	2955
1430	3170
2075	3860
2591	3929
2156	4753
2050	3862
2567	4999
2567	4833
2871	4702
2396	4292
2457	4575
2438	4276
2031	3861
2043	4521
2121	4536
2244	4168
2797	4322
1967	3587
2681	4778
2481	4542
1791	3565
1661	4598
2337	4549
2387	4257
2541	4456
2624	4657
2192	3467
2507	4640
1524	3601
1155	3690
2547	4790
2095	4036
2018	3552
2349	3994
2434	4454
2201	3802
2839	5461
2046	3849
2110	3212
2313	4315
2299	3810
1487	3808
1521	3718
2136	4046
1929	3469
2812	4961
2553	4711
2415	4757
1936	3249
2276	3937
2481	4684
2025	3568
1984	3462
1824	2983
2474	4478
2051	3657
2491	4909
2596	5174
2361	5677
1550	3209
2679	4974
1600	4171
2363	3611
2595	4810
2512	4945
2253	3873
1626	3553
2065	4119
2305	3919
1674	3924
2061	3828
1982	3945
2486	4829
1375	5076
1260	3564
2251	4192
1655	3243
2492	4167
2043	3591
2096	3580
2045	4378
2549	5211
2187	3724
2492	4581
2618	5103
2011	3502
2249	4206
2007	3700
2567	4520
2482	4589
2416	4549
2657	5539
2244	4822
2667	5119
2480	4735
2266	3768
2101	3950
2883	4834
2598	4525
2626	4656
2727	4895
1790	3713
2013	3820
2543	4572
2585	4881
2519	4773
958	3963
2116	4361
2449	4928
2704	5175
1285	4166
1887	4315
1699	3902
2436	4992
1954	3222
1554	4504
1995	4414
2040	3837
1615	3982
2525	4669
2643	4782
2743	4552
2925	3999
2490	4142
2209	4069
2329	4021
1854	4422
2020	3754
1837	3893
2667	6847
2225	3742
1626	3044
1824	3467
1968	3498
2106	3463
2435	4234
1698	3735
826	3296
2907	5052
1451	4506
1900	3633
1987	3387
2204	4044
1545	3370
1755	4107
2583	4372
2145	2813
2615	5079
2717	4905
2302	4980
2228	4704
1328	4318
2128	3893
2381	4354
1877	2978
2381	4143
2067	4024
2248	4503
1389	4599
2038	4868
2339	4174
2023	4003
1636	4709
1948	3361
2216	4112
2623	4404
2457	4739
1830	4131
2443	3934
2623	4714
968	3802
1877	3454
1816	3479
2153	3938
1785	3705
2022	3583
2714	4904
2036	3406
2394	4236
1557	3509
2556	4480
2637	4995
2106	3856
1989	3532
2515	4537
2487	4602
1919	3938
2347	4081
2365	3999
2465	4221
2469	4340
1874	3685
1876	3826
1292	5506
903	3923
1473	3335
1869	3908
2293	4511
1931	3392
3029	6302
3104	5573
2697	6243
3441	6937
2428	5394
3170	5434
3290	5782
1615	4800
2901	5619
3568	6135
2893	4971
3407	6000
2902	5597
2763	4579
3562	6342
3543	6483
3266	5764
2991	6108
3409	5450
3147	5499
2248	5673
2805	5879
3834	5504
3386	5989
2726	5474
3510	6671
2856	5819
2808	5080
3561	6413
2995	4825
3078	5300
3096	6493
3096	5321
3060	6328
2905	5327
3107	6779
2273	6116
3365	5901
2693	5414
2621	5608
2883	5093
3178	5621
2515	6506
3641	7023
3441	5815
2884	4699
2578	5413
3367	5317
2990	4528
2098	5082
3015	5138
2952	5221
3064	5529
3049	6240
3507	5760
2683	5507
3545	6265
3789	6237
2125	4971
3012	5891
3369	4940
1473	4182
2835	5112
2871	4577
1820	4970
3318	5635
2958	5474
3415	5282
3514	6515
2980	6103
2644	5533
3576	6313
2863	5276
2704	6130
3308	5372
2256	4644
2899	6030
2564	5387
2924	6324
3280	5196
3323	5236
2552	4861
3562	7107
3566	5581
2994	5044
3318	5901
3733	6318
3172	5779
2528	5987
3043	4592
3601	6608
68	3763
3051	6045
3109	6104
2952	5017
3534	6477
2949	5646
1581	5550
3578	6371
2902	5912
3673	6127
2477	5163
2523	4382
3889	6710
3379	5198
3128	5312
3591	6387
2477	5702
2753	4905
3712	5999
2661	5076
3735	6761
3121	5750
2629	5578
3687	6146
3317	6442
3166	5164
2920	5319
3321	6117
3105	5415
3935	5828
2730	5059
2288	5462
3856	6260
2550	5335
3474	5897
2316	5752
3087	5474
3078	5958
3251	6063
1588	4701
1903	5556
2877	4778
3036	5667
3373	5957
2910	5923
3141	5333
3620	6172
2973	4774
2685	5705
2495	5282
3317	6471
2942	4878
2748	5032
1939	5338
3400	6720
1587	5472
2450	5098
3722	6466
2674	6308
3067	5270
2148	5631
3116	5395
2519	5722
3208	5523
1798	5362
2462	4647
3097	6031
2748	4862
2923	5900
3798	6614
3459	5487
3401	6518
3572	6496
3047	5091
3481	5846
2597	7202
2858	5648
3561	5633
2977	5172
3479	6716
2185	4268
2880	5260
2265	5733
3196	4710
1840	5300
3384	6233
3383	6191
2696	6130
3664	6665
2712	5719
2897	4994
3567	7093
3043	5496
3230	5469
3400	6322
3428	6121
2638	5923
3527	5707
2777	5718
3393	6435
2889	5454
2996	5675
3408	6041
1885	5690
3849	6468
3196	5454
3348	5745
2998	5594
3281	5810
3541	6498
2973	5796
2774	5370
2815	5198
3051	5279
3367	6230
860	5104
2956	5826
2537	5602
3068	5589
3668	6741
3492	6278
2688	5543
3456	6472
2879	4687
3152	5922
2948	5192
3173	6515
3157	4717
3260	5926
3022	5608
1933	6281
2801	5343
3103	4352
3034	5521
3788	6400
3174	5407
3595	6514
2931	5123
2548	5261
2380	5582
3257	5364
3324	5600
2184	5117
2983	5394
3124	6648
3548	5935
2943	5032
3259	4675
2692	4657
3226	5549
2548	5153
3278	5842
3376	5589
3443	6166
1369	4778
3266	5538
3342	7014
3301	5679
1766	5989
2977	4852
3648	6035
3536	5557
3372	6418
3029	5270
2652	5728
2512	5368
2048	6383
3109	5776
3774	6419
3193	5149
3774	6641
3227	5876
3761	6512
3007	5411
3487	6181
3033	4960
3331	5124
3690	6562
3439	6432
2475	5418
3954	6350
3012	5184
3324	6447
3474	5872
3762	5896
3911	6409
2992	5217
3110	5855
3577	6646
3527	6085
2912	4593
2853	5159
2999	4874
2769	5702
2963	5728
2953	5121
3630	5985
3132	5481
3135	5635
2194	6509
2942	5999
2931	5126
3771	6301
3001	5666
2335	4864
2947	5781
3236	6376
3453	6687
3550	5445
2951	5205
2558	5712
3397	5570
3142	5294
2458	6166
3213	5872
3453	5388
2741	4852
3752	6573
3406	6178
3568	6408
3537	6822
1534	5755
3375	5690
3570	6221
2529	5475
1947	5805
2704	6222
2733	5376
3471	5793
3067	5517
3217	5525
2401	5138
2666	4317
2995	5266
3366	6279
2853	5534
1464	7796
3462	5859
3355	5971
3360	6642
3419	6475
3770	6742
3078	6414
3770	6390
3410	6673
3009	5564
3084	5615
2914	4849
2017	2934
2349	5345
3101	5409
2511	5147
2882	5256
3113	5885
3430	5756
3521	6448
3026	4875
2469	5495
2756	6637
2651	4796
3304	6009
3079	5333
3210	5293
3053	6204
3100	5967
2567	4934
3120	6063
3596	6727
3360	5827
3524	6557
2514	5008
3200	5335
2435	5553
3075	6122
3007	5228
2174	5752
3085	5742
3135	5489
3121	5914
2812	5035
3478	6337
3166	5577
3195	5743
3455	6514
3368	5949
2974	6450
2494	4702
2469	5377
3084	5823
2791	4850
3522	5835
2707	5609
3136	5391
3282	5022
3689	5915
3278	5744
3088	5125
3517	6571
3007	5684
3274	5357
2704	5042
3133	6106
1620	5145
3331	5574
3292	5974
2372	5171
2567	5482
3292	6147
3432	5981
3476	5967
2812	6142
2718	5098
2899	5804
3232	5922
3324	5563
2757	5610
3038	5852
1919	5414
3143	5192
3041	5889
3264	5417
2374	5424
3163	5210
3223	6163
3044	5598
2365	4576
2852	5900
3457	6315
3683	6300
3655	6234
2843	5201
3190	5753
2931	5105
3163	5727
2066	4398
3579	6114
3443	6361
3256	6614
2922	5158
3141	6200
3107	5832
3756	6213
2044	5477
3309	6336
2910	4964
3407	6114
2834	5271
2275	4572
2877	4989
1873	4462
2879	5605
3271	5881
3029	4921
2327	5201
2870	6320
1657	3882
3214	5252
3708	6033
2309	5596
3036	4779
3081	5199
2771	4775
3002	4696
3136	4411
3429	5688
2948	4532
2538	5443
2934	4397
2710	4459
3211	3476
2971	4668
3359	5260
3147	5021
3354	4627
2551	3826
3846	6200
3331	5167
2653	4281
3178	4762
3304	5016
2197	4438
3211	4985
3491	5229
1530	4710
3260	5630
3260	5211
3105	4470
2472	4651
2942	4660
2107	4513
3113	5849
3401	5154
3665	5907
3185	5111
3280	6129
1592	5339
2317	4099
2826	4573
2765	4979
2954	5323
3096	5055
2905	5052
3751	5735
3257	4688
3387	5832
2969	5408
3104	4216
3363	4976
2913	5052
2301	4891
2915	4778
2773	4632
3384	5499
3505	5650
3620	5776
3305	5440
3017	4899
2962	4162
2974	5102
2977	4695
3415	5322
2831	5212
2204	4881
3316	4886
3360	5120
3671	5966
3153	4494
2947	4750
2836	5341
1685	5285
3123	4264
3594	4882
3081	4747
3552	5318
3198	4946
3743	5177
2849	4632
3293	4851
2819	4657
3553	5471
2973	4697
2777	4508
2396	5431
2911	4390
3746	5985
3885	6150
3533	4977
3579	5324
1895	5121
3179	4871
3080	4827
3533	5791
3283	5420
2888	4978
3759	5404
2741	4297
2459	4763
2301	4485
2862	5196
2713	4593
2359	4329
3067	4294
2928	4402
3266	5150
2817	4034
3139	5222
3568	5715
2668	4485
2616	4453
2983	4681
3786	5537
2929	4739
2842	4551
3150	4789
2746	4995
3666	5498
2421	4225
2345	4023
3756	5939
3222	5421
3347	5256
3140	4957
2813	5149
3788	5616
2975	4469
2732	4261
2643	4687
3435	5948
3537	5187
2356	5293
3173	4999
2432	4621
3291	4594
3898	5397
2484	4553
3233	5536
3040	5446
3357	4990
3585	5076
3018	5331
2745	4934
3199	5328
3005	4802
3423	4727
3285	5992
2818	4481
3276	5607
2848	4315
3557	5598
3851	6073
2909	4913
3045	5303
3284	4883
3434	5267
3136	5164
1718	4640
3542	5270
3794	5376
2863	4668
2213	4802
3123	5158
2214	4682
3228	5102
2394	5002
3233	4346
3312	5584
3767	5190
3576	5834
3127	4474
917	4446
3267	4754
2525	4845
2783	4772
3092	5212
2983	5037
3440	5226
2444	5470
2465	5362
2971	4424
3339	4949
3309	5576
2835	4919
2623	4640
2334	4218
3013	5339
2168	4410
2908	4520
3100	4809
2437	5201
2704	4749
3662	5294
2523	4784
2623	5745
3417	5830
2771	5888
3518	5768
3039	4592
3190	5020
2490	4616
3200	4954
3421	5393
3351	5424
2571	4755
2861	4447
2804	4678
3427	5770
3112	4947
3680	5888
3206	5693
3168	4853
3199	5320
2342	4858
2069	3812
3409	5256
2722	4267
2189	4863
3695	6030
2699	4062
3056	4658
3076	4971
3003	4804
1845	5693
2923	4193
3074	4334
2784	4928
2375	4298
2667	4170
3393	4770
3206	4739
3357	5123
2817	4782
3441	4971
3637	5599
2198	4668
2184	4007
3346	4888
2834	4787
3285	5305
3025	4639
2835	4456
3652	5473
3669	5680
2062	5451
2745	5279
3023	4577
3410	5842
3843	5508
2835	5029
3155	5011
3211	4838
2872	4528
2773	4563
3490	4699
3675	5371
2175	4555
3449	5426
2982	4819
3007	4304
2153	4186
2315	4372
2931	5453
2808	4552
2651	5159
3202	5067
3477	5901
3722	5218
2631	4313
3429	5625
3281	6015
2647	3923
3119	4384
3228	5270
3229	4882
3386	4895
2938	4994
3462	5187
2778	4729
3786	6328
2062	4036
3373	4879
3241	4852
2912	4278
2982	3831
3517	5616
2922	4372
2714	4312
3756	5416
2690	4635
2747	4254
3631	5767
3336	5503
2706	5298
3462	3407
2899	4798
2922	4812
2719	4697
2591	4989
3274	5034
2917	4809
3167	4635
3687	5610
3064	4746
2335	4671
3065	5794
3461	5134
3470	5429
3428	5240
3201	5025
2633	4949
3480	5208
2177	4589
3193	5058
2800	4061
3200	5092
3162	5963
3488	5298
3585	6400
2885	4324
3240	5547
3021	4610
3356	5477
2972	5250
3350	5933
3424	5329
3346	6031
3606	5657
3341	5157
2981	4626
2554	5139
3626	5420
2943	4496
3597	5050
1471	4921
3140	5096
3428	5306
3239	5052
1164	5820
2778	5673
3255	5087
2967	5307
2806	4622
3057	5320
3065	4940
3123	4397
3270	5305
2091	4390
2682	4836
3067	5338
3869	5772
2562	4776
3131	5417
3397	4921
3222	5403
3065	5001
3111	5377
3304	6195
3719	5483
3112	4676
2979	4734
2944	4489
3638	5930
3275	5372
2396	5143
2364	4407
3086	4784
2986	4822
2826	4481
3358	5303
2956	4730
3500	5361
2962	4413
3466	5212
2406	4905
3054	5427
3470	5215
1972	4031
2454	5442
2641	4904
3095	5231
3271	5441
3736	5937
3101	5420
2876	5696
3155	4774
3187	5236
3598	6151
2104	5054
3684	5397
3550	5732
2771	4343
2714	4308
2750	5238
2832	5061
2629	4188
3541	5464
3782	6028
3366	5380
2564	4905
2894	4937
3189	5716
3422	5771
2758	5150
3542	5857
2940	4725
3459	5458
2976	5110
2976	5350
1847	5280
3008	4826
3209	5424
3157	5320
3600	5469
1650	3438
3143	5150
2100	5736
3075	4692
2400	5079
2612	5252
2019	5067
2312	4589
3168	4970
3213	5556
3111	4913
1539	5691
1928	4081
3238	5319
3703	6154
2907	4693
2492	5318
2338	4559
3458	5064
3779	5620
3720	5890
2657	4870
2276	4104
3003	4453
3102	5235
3593	5614
3200	4544
2955	4588
3068	4897
3569	5470
2725	5391
2716	4891
2578	4681
2602	5463
3427	5279
3751	5846
3064	4754
3348	5407
3286	4825
2836	5381
2387	4711
3382	5600
3251	4950
3333	5444
2879	4668
3407	4596
2928	4820
2805	4478
2402	4931
2964	4530
2970	4676
2691	4044
2682	5747
3122	5138
3090	4396
2102	4597
3268	5118
3121	4834
3493	5778
2610	4705
2844	4633
2954	4968
3024	5234
3371	5507
3454	5249
1624	4239
3134	5203
3187	5031
2873	5662
3298	5389
3577	5834
2914	4934
3278	5411
3589	5877
3641	5366
3118	5010
3616	5530
2362	4519
2249	4476
3439	4863
3077	5225
2183	5116
2738	4660
3600	5571
2903	5285
2373	4262
2948	4375
2891	4725
2514	4689
3315	4995
3720	5510
3163	5299
2802	5265
3640	5381
2811	4589
3851	5681
3807	5745
2969	5284
3317	5688
3582	5407
3563	5920
2979	5271
3151	4669
3028	4167
3202	4501
2602	5218
3393	4958
2478	3959
3614	5089
3672	5582
3496	5756
2582	5214
1966	4994
3712	6177
3305	5740
2778	5327
3074	5224
2894	4864
3193	5255
3111	4477
3431	4925
1989	4496
2952	4358
3692	5516
3284	5330
3728	6060
2606	4915
3069	5447
3029	5206
3106	5097
2596	4494
3179	4784
2851	4396
3056	4682
3074	5000
3326	5571
2300	4728
3773	5432
4248	6774
3422	5913
4805	6897
3407	6536
4600	6721
4103	6056
3346	4777
4564	7488
4069	6393
4462	7231
3734	5933
4112	6523
2517	5099
4177	6337
4634	7365
3870	6088
4082	6664
4351	6898
3722	6192
4088	6514
4484	6920
4106	5735
3626	6967
3878	5825
4138	5579
3271	6431
3734	6061
3984	5937
4017	6960
2822	6767
4333	6728
4619	7204
3790	6223
3053	6148
4468	7588
4268	6959
3826	6624
4522	7006
4507	7304
3779	7133
4275	6870
4275	6289
3917	6397
3798	5972
4098	6606
4568	6757
4079	6814
3954	6162
4013	5846
4093	6460
3753	6445
3811	6553
2605	5288
4327	7140
4122	6400
4345	6488
3588	6090
3809	6256
3960	6239
4685	7174
4349	7145
3787	6366
4101	5811
4404	6650
4162	6304
4413	5556
3862	6961
4190	6678
2663	6098
4113	6657
3796	7070
4177	6985
3832	5821
4089	6255
4392	7924
4319	5438
4428	7281
3758	6255
4173	6182
3528	6953
3040	5615
3705	5547
3472	6472
4311	6490
4713	7397
3321	6897
4753	7197
3331	6581
4470	7529
4339	6208
3303	5375
4360	7117
2220	5420
4411	7183
4437	6553
4122	8065
3950	5643
4068	6609
3419	5710
3997	6480
4248	6343
4134	6657
3092	6110
4065	8861
4683	6799
2833	5479
4492	6824
3009	5266
4387	6625
3863	6156
3873	6113
3270	6071
4368	6891
3524	7163
4773	6817
4052	5771
4190	6832
3968	6643
3851	6667
4514	7319
2920	6273
2465	5537
3828	6494
3183	7401
3972	5536
4090	6337
4705	5777
1811	5901
3882	6092
3955	6546
4170	6585
3859	6575
3235	6765
3832	6600
4418	7112
4228	6366
1793	7161
4686	7474
4207	6470
3904	6878
3927	6040
4255	7017
4054	6835
4404	6521
4282	6427
3314	6352
3959	7852
3934	6067
4337	6766
2581	6137
2331	5427
4151	6813
4255	7101
4245	6871
3818	6448
4450	5213
4088	6770
3239	5674
4608	6984
3952	6233
2772	6018
3849	6715
3874	5957
3884	6330
3655	6340
4830	7026
3752	6241
1481	5350
4122	6535
2422	6599
3959	5930
4822	6510
4837	7554
4569	7838
3664	5916
3968	6075
4474	6444
3329	5594
3042	5619
3460	6645
3388	6398
2542	6968
3910	6404
4211	6887
4187	5679
4366	7146
3713	6816
4130	7779
3148	6264
3731	6048
3794	6686
3783	6081
4355	6590
4222	6375
4506	7530
3998	5277
4353	6514
4131	8382
3729	6030
2437	5389
4475	7019
3304	6524
3046	6257
3682	5473
4559	7111
3041	5544
4294	7401
4546	7544
2216	5781
2301	6070
4602	7066
4041	7384
4230	6615
3438	6544
3007	6838
4286	6567
4413	6488
4564	7188
3923	6053
4165	6436
4198	6646
4008	6514
3555	6229
4101	7349
1810	5432
3887	7073
3831	6724
4141	5874
4832	6306
4398	6013
4843	5770
2994	5730
4518	7823
4207	6467
3602	6617
2934	5122
3037	6493
4339	6562
2582	6364
4248	6254
4272	7047
3768	6087
4203	7426
3089	5606
3541	5980
3475	6285
3746	5827
4265	6066
4060	5939
4319	6216
3483	6429
4819	7441
4102	6623
3843	6358
2756	5798
3712	6713
4205	6427
2039	5228
3588	5831
3823	5815
3814	6041
4274	6660
4037	6153
4475	6529
2191	5714
4909	6013
4530	8339
3333	5693
2879	4900
4004	6273
3940	5980
3988	6149
3783	6089
2864	5504
3749	6677
4455	7030
3546	6192
2574	5942
4011	6463
4646	6698
3437	6163
4486	6802
4335	6002
4160	6748
4410	8051
4499	6649
3870	6952
4016	7012
4259	6729
4822	6917
4499	7023
4030	6243
3990	6099
4040	7328
3822	5955
3309	4870
4453	7171
4397	7225
3824	7184
4570	6658
4732	7068
4100	5951
3730	6788
3768	6137
3980	5451
3914	7154
2792	6293
4219	7258
4005	6796
4006	6968
3762	6715
4601	6978
3700	6071
3987	5864
2959	6555
2552	5525
4056	7330
4254	6497
4435	6704
4524	7293
4335	7047
3710	5611
4829	7246
4328	7894
3932	6544
3786	6309
2254	6591
2022	7894
4602	7462
4196	6632
4704	7729
3967	6812
4181	6500
3767	6600
3937	6051
4533	7042
4197	6811
3936	6316
3081	6433
4093	6492
4118	6616
2401	6501
2516	5762
3408	6401
2980	5332
4302	5953
3680	6228
3870	6063
3987	6559
4878	7356
4645	7125
3641	6130
4169	6651
3678	6858
4660	7282
3987	6892
4290	7132
3426	5985
4583	7028
4049	6584
3992	6137
4795	7816
2801	5907
3661	6139
3976	6753
4583	6960
3534	5304
3935	6388
3065	5367
4112	6230
4581	7913
4547	6732
4111	5852
4215	5683
3719	6081
3998	6807
4585	6927
3511	5694
3135	6379
3967	5841
4097	5944
3983	6363
4733	7426
4442	7508
4020	6582
4331	6336
4437	6762
2878	5482
3531	6517
2059	7687
4021	6544
4418	6868
4118	6457
2424	4877
3313	5563
2856	6312
2662	6552
4073	5845
4359	7285
3500	5551
4175	6494
4055	6258
3793	6613
3644	6325
3132	5615
4259	6928
4053	6515
4415	6408
4557	7220
3769	5820
4483	6585
4457	6666
4220	6692
4583	6165
2337	5755
4388	6441
3789	5932
2908	6237
1450	5650
3629	5992
4257	6937
3981	6995
3814	6739
4459	7212
3946	5525
3864	6055
3623	5956
4293	6549
3312	5846
2790	5421
3009	7006
3941	6280
2351	6529
4110	6772
3870	5715
4107	6110
4662	6573
4167	7595
3400	6284
4454	7308
2976	6283
3415	6241
4730	7128
3925	6340
2403	5853
2335	5634
3846	5870
3451	5816
2836	6495
3777	5881
3234	5818
4176	6125
4063	4641
4253	6760
4501	7237
3052	5766
3746	7098
3799	6296
4023	6872
4302	6754
4735	7076
3356	6764
4433	7305
4121	6624
3819	5925
4238	6137
3970	6415
3942	6640
4351	7303
4690	7163
4198	7324
3171	6729
3950	6339
2540	5543
4498	7139
1527	9300
4294	6491
3551	7079
3374	6123
4218	6296
2108	5226
3934	6317
4017	7211
2899	6928
2931	6343
4485	7278
3922	6544
3929	5269
4350	5965
4344	6575
4305	6751
4051	6254
4295	6730
4496	7038
2876	6244
3830	6529
1952	8248
3402	6063
2987	6396
3993	6102
4417	6451
4850	7777
4189	6533
3835	6469
3415	6693
4034	6662
4466	6861
4386	7358
3231	5566
4268	6706
4074	6565
3576	6269
4190	6559
4599	6994
3052	5682
4631	7022
2889	6579
3522	6307
3318	5810
4308	6053
4608	6543
4157	6770
4138	5886
4522	6869
4394	6418
4030	6806
3838	6367
3152	5736
3713	5489
3436	5703
4218	6951
4208	6404
3068	5037
4435	6386
4667	6778
4374	6782
4000	6626
4261	6954
3870	7399
3746	7443
2125	5471
3889	6862
3886	7014
1744	4961
4303	6590
3800	6144
4536	6944
2609	5063
4221	6458
3717	5649
4156	5777
3884	5815
2103	6417
2560	4644
3560	5164
3045	4739
3551	6817
3834	6270
3543	7461
4337	6947
3495	7495
3736	6848
4020	6880
3815	6231
2097	6207
3915	6117
4029	6424
3814	5723
3689	7188
3381	6364
4082	6302
3846	5432
2409	5461
3580	6377
4777	7472
4383	6938
3707	6128
4696	6449
4205	6182
1579	5936
3672	6265
3739	6244
4362	6139
4200	6851
4268	6602
4078	6030
3099	6632
4031	6414
4473	6953
3994	6514
4557	6904
4823	6670
4046	6377
4655	7331
3186	6155
4187	7179
4368	7100
4113	7832
4055	6637
3792	6036
2252	6236
3553	6456
4536	6939
3970	5973
4620	7036
3209	5238
3662	6276
4404	6839
4556	7528
4571	6731
2666	5404
3899	6437
3144	6194
3861	6284
4129	6409
3510	6703
4764	5869
3962	6168
4334	6712
4785	6573
3713	6055
4111	6984
2436	5883
4401	7589
3686	6335
4608	7333
3057	5970
4404	6236
3947	6054
3743	6030
4631	6750
4055	6499
3750	6949
4381	6776
4141	6538
4180	6244
3780	4933
4474	6403
3766	6376
4070	6460
2943	5382
4815	7288
4741	7097
3912	6339
4163	7252
4846	8136
2649	4473
4425	6813
4221	6860
3457	5784
1323	6181
4630	7558
4629	6928
4705	6101
4187	6857
4223	7535
3753	6109
3908	5690
3748	6162
3657	6273
4405	6623
3674	6516
3839	6283
3114	5718
3188	6234
3758	5713
4330	7158
3312	5360
4064	7055
3638	6010
3088	6833
4934	6635
2761	6287
3947	7040
4849	6618
3635	5409
3471	6189
3940	6078
3227	5338
4056	5398
3647	6441
4006	5768
4189	6197
2226	6451
2832	6242
3859	6020
4437	6912
3803	6552
4549	7133
3651	5051
4000	6399
4505	7086
4269	5859
2854	5475
4254	6644
3622	5848
4483	7573
4459	7028
4768	7483
3323	5366
2665	5358
3779	6826
4312	6911
3900	5558
3245	5701
4428	6217
3406	5942
1993	6284
3677	5231
3794	6729
4352	7182
3798	6460
4713	7749
3918	6502
4081	7095
3680	6153
3213	5828
4309	8132
4176	6604
3619	5796
4724	7059
3700	6732
4267	6976
3889	5524
4037	5846
4009	6375
4038	6130
4633	7456
4024	6365
4476	6569
4385	5955
3794	5888
3188	5840
3945	6491
4704	7189
4169	6292
2508	6750
4078	6344
3804	6355
4549	6823
3918	5296
4059	7377
4341	7258
4831	7340
4638	7329
4114	6038
3563	5845
4537	6784
4577	6912
4111	6178
3848	6336
3914	6769
4725	5912
4010	5959
4584	7149
4045	7097
3328	6155
3911	5791
4045	6743
4727	7596
3223	6489
2834	7651
3914	5598
4723	7384
3841	6174
3496	7058
3993	6338
3271	5379
4313	7108
4238	7883
3006	4857
4601	7381
3114	5944
3387	5867
4321	6890
4379	7350
4658	6358
3526	6116
4694	6374
3617	6034
3543	5929
4069	6514
3539	5487
4505	7825
3848	6535
3910	6069
3978	6891
4069	6788
4473	6976
2912	6597
4053	6593
3660	5769
3967	5829
4771	6861
4316	6198
4456	7355
4005	6345
3873	6552
4199	6573
3543	6834
3801	5640
4141	6772
4481	7130
2391	5447
4044	6871
4036	5442
4031	6610
4230	7160
3152	6027
4146	7069
4096	6922
4142	6444
2053	7141
3452	6244
4269	6102
4476	6441
4088	6213
4539	6424
4241	7182
3613	5935
4310	6558
3970	5923
3761	6816
4261	6992
4402	7039
3888	5911
3074	6073
4453	7695
4197	7420
3291	6090
4302	6970
4255	7044
3866	6545
3951	6512
4784	6236
4028	7270
4019	7178
4657	7272
4288	6798
3894	6509
2312	6125
3845	6676
2844	6032
2777	7068
3479	6087
3989	6507
3325	4042
4103	7179
4797	7125
3845	5288
1834	6016
4002	6775
4561	6542
4270	6503
4249	7275
4135	5634
4263	6500
4002	5779
3890	6249
3568	6069
3694	5205
3479	5817
4021	5782
4167	6941
3461	5906
4685	7162
2621	4306
3575	6546
2357	5758
3996	6632
4638	7207
3998	6565
3643	6560
3786	6205
4266	6423
4102	5913
4618	6896
3992	6880
3756	7551
3140	5820
3526	6291
3539	6103
3964	6218
3123	5379
4493	7095
4588	7885
3453	6649
4023	6165
4588	6982
4529	7107
4110	6644
4328	6943
4474	6632
3786	6233
4260	6858
3966	7150
4406	7219
4223	6597
3393	6500
3481	5966
3949	6246
4157	6210
3930	6197
4015	6179
4817	6269
3387	5683
3724	5921
4039	6832
3719	6387
4569	6813
4348	7029
4106	6285
4270	6859
3397	5995
4317	6753
4614	7108
3960	6475
4140	6310
3609	5596
3835	5706
4392	7339
3915	6247
3699	6941
3029	6103
3718	6425
4122	6550
4886	6232
3460	6086
3887	5838
4492	7157
4790	7084
3728	6177
4738	7397
3799	6240
3550	6846
3932	6305
4394	6338
3832	5679
4188	6669
3676	5007
4053	5503
4330	6932
4083	6241
3865	6319
4327	6795
3433	5731
4797	6008
4174	6480
3948	6699
4587	7335
3889	6128
3605	5658
3594	5358
3229	6380
3764	6233
3854	5817
4110	5752
4035	6817
3982	6241
4319	6518
3601	5997
4675	7060
1682	6373
3988	6430
4617	7576
3715	5922
4597	6730
3667	6712
4457	7204
4523	6413
3920	6865
4291	6451
4029	6867
3768	6055
3908	5775
3615	7230
3906	6330
4133	6524
4112	6664
4346	6316
4025	5897
4521	6523
4074	8097
3673	6068
4554	7130
4235	6304
3772	6773
2888	5422
4811	7472
3845	6054
4781	7440
3776	5513
3980	5825
4837	7468
2966	6263
4113	6989
3208	6468
4083	6015
4005	6396
5219	8041
5430	7519
5074	7633
4815	7097
5212	8895
4956	8017
5401	8840
4874	7451
5449	8888
4678	7881
5309	7445
3302	6027
4615	7876
4190	6898
5675	8766
2960	7916
5008	7468
5164	8017
5095	8672
4560	7502
5337	8224
3473	6904
3626	6994
3174	7582
4835	7192
5318	7613
5495	8593
5778	8474
4995	7603
2770	7301
3763	7133
4893	8265
4984	7282
4658	7267
4876	7949
5578	8448
5166	7874
5360	8894
3064	8100
4421	7166
4315	6229
2648	7919
5451	8238
4249	6859
3658	7143
2864	7398
5080	8275
5567	8264
5426	8227
5696	9785
3626	5906
5302	8730
4484	7153
5455	8659
3716	7620
5293	8585
4577	7923
5369	8571
4931	7882
4886	8381
4277	7234
5162	8210
5500	8104
3235	7481
4502	7287
4676	7853
4984	7938
4912	7087
4568	8596
5373	8555
5523	8476
4590	8223
4970	8621
4082	6538
5530	7850
5420	7759
5620	8702
5653	7475
5569	8886
3463	6041
5546	8734
4733	7811
4074	8110
5302	7970
4651	7118
5160	7266
4921	8217
4328	8464
1961	7698
5065	7460
4071	7672
4309	6531
4277	7785
5357	8025
5346	8855
4388	8291
3449	7160
5123	7949
5573	9447
4938	8853
5637	9126
3877	6783
5598	8245
5340	8455
3918	7155
3617	6170
4290	8012
4451	7437
5129	7542
4612	8042
3142	7402
3848	6330
3408	7601
5190	8086
4977	8217
5346	7328
5482	7712
5026	8544
4364	7594
5380	8789
5057	7698
4844	7606
5092	8906
5631	8346
3282	6854
4922	8140
5006	7839
5297	8045
3169	6208
4754	7696
4847	8010
5037	8139
5252	8474
4856	7747
4727	7991
4791	7485
5210	7901
5370	7929
4399	7949
5141	7340
3905	7329
5458	8490
3363	6460
4287	7892
4264	7442
5521	8487
4902	7729
4756	8274
4935	7638
4932	7797
3036	7375
4923	7949
2554	6605
4008	7753
3614	7282
4707	7206
5067	8228
5374	8534
5261	6694
4943	7980
5822	7946
4860	7590
4543	7899
3209	5807
5015	8494
4672	7507
3756	7127
4921	7799
5795	7967
5212	7186
5134	8316
4897	7279
4607	8253
5304	8658
4968	7994
4236	7726
4856	7433
3770	7174
4612	7883
5348	8481
4531	7923
4412	7249
4882	8745
3794	6312
4874	8418
4575	7517
5238	8708
5531	7748
5434	8706
3977	8046
4980	7110
5118	7963
5702	8330
3847	6883
4743	8318
5249	7190
5124	8328
5503	9286
5759	8621
4246	8028
5257	8511
5087	7521
4297	6848
4835	7484
4820	7964
5070	7585
4928	7312
4872	7003
4992	9128
4632	7540
5037	7619
4003	7022
5429	8301
3821	7455
4714	7864
5326	8384
5669	8590
4588	7284
4177	6421
4131	6558
5486	7990
4937	7661
5456	8488
4317	7426
4992	9329
5135	8427
5480	7720
4944	7483
5005	7532
4478	7248
3869	5830
4253	7748
5070	7741
2989	7573
4416	7959
4688	6951
5747	9303
3607	7164
3966	6991
4757	8033
4887	7512
4585	7279
4758	7281
5261	7475
4494	7591
3764	7722
5204	7394
5013	8394
5073	8406
4657	7384
4997	7980
5483	8629
2981	8116
4889	6970
5266	8584
4734	7372
4588	7489
5438	8465
4410	7265
4736	7228
5036	8241
5372	8754
5484	8359
2160	7894
4819	7625
5497	7445
4751	7995
5168	8408
4913	7653
5451	8008
5226	8309
5136	7677
5067	6502
4891	7186
4477	7352
3883	6474
4146	6737
4888	5738
4623	7322
2689	6846
4951	8207
4651	7785
4341	7911
4764	7703
4963	7026
4938	8084
4592	7500
4540	7964
5021	7180
3074	7471
5225	8465
5084	7724
5612	8756
3941	7198
4565	7012
4025	7340
5155	7248
5034	8035
4736	7892
5190	7381
4859	7471
3761	6733
5238	9065
3950	7003
5341	8042
4391	6651
4815	7426
4888	7472
4778	7506
4753	7425
4953	7094
3860	7681
4860	8171
5257	8849
4992	7365
4917	7590
5460	8711
3399	7288
3609	7554
4154	7219
4369	7048
4696	6536
4749	7539
3907	7499
4611	8407
5243	7887
4490	8468
4873	8081
5006	7561
5038	7455
4748	7900
4936	7793
5080	8308
4979	7440
5337	8288
4494	7191
4290	7161
5487	8279
4222	7594
3973	6703
5170	7696
3171	7748
5037	8023
3316	7990
4993	7659
5720	8081
5069	7881
4015	7511
5008	7802
4705	7664
5725	8007
5717	8748
2671	6988
5669	8666
4744	7534
4160	7491
4195	6924
5090	7418
5259	8170
4521	7788
4772	7805
3616	7937
5292	8112
4130	7191
4641	7099
4876	7058
5463	8413
4791	7493
5081	7581
4273	7012
3669	6456
3632	7739
3491	6349
5501	8283
5121	8359
4891	6655
4900	7885
5431	8395
5773	9006
4418	7704
4979	7075
5027	8426
5588	8631
5227	8171
4476	7129
2033	7650
5226	8080
5532	9151
5174	8429
4504	7919
4930	8036
5408	7942
4387	7120
5043	7518
5070	7925
4905	7508
4874	7130
3991	8526
5668	8595
5275	9057
4770	7387
5618	7488
3007	8829
5268	7822
5329	7900
5343	7974
5134	6709
4508	7105
4274	7723
5026	7629
5375	8532
4909	8416
4945	7500
4834	7306
5765	8962
5330	8502
5162	6488
5076	6337
5016	7156
4938	7517
2649	6747
5424	9916
4775	8390
5728	8242
5254	8102
4871	7594
4858	7731
5595	8798
4573	7805
5557	8364
4870	7240
5202	8032
3282	6943
5353	8420
5006	8312
5616	8428
4846	7237
4815	7335
5585	8408
4925	8167
4412	7746
2193	6753
4819	7671
5038	7337
5272	7373
2955	7911
5032	7759
4903	7440
5692	8563
5133	6815
5339	7541
5489	8145
5260	7681
4730	8427
3319	7023
3829	6965
4346	8083
5221	8732
4774	7677
4861	7188
5281	7994
4708	7499
4440	6906
5221	8113
5303	7741
5471	8890
4430	6968
5068	8374
4635	7855
5204	8221
4709	7696
3929	7765
5072	8054
5588	8251
3436	7631
5161	7817
4851	7296
5185	8796
4926	7764
5027	7667
4971	7897
4791	7322
4989	7277
4737	8323
5053	8386
5533	8263
4716	7024
3948	7453
5424	7952
4599	6941
5506	8383
5045	8472
5267	8174
3585	7436
4394	6702
4788	8170
5103	8723
2201	8727
4777	8281
5130	8418
4647	8886
5685	8744
4825	7664
5387	8396
5365	7265
4398	7450
4844	8220
5009	7545
4257	7517
3801	7424
4386	7582
4971	7300
3375	7545
5305	7830
5459	7507
4928	7772
3694	7265
5152	8091
5411	8368
5526	7799
4871	6970
5489	8541
5433	6782
4978	7385
4728	7578
3566	8035
5364	7668
4215	7884
5562	8267
5027	8987
4962	7492
4770	8295
5125	7731
5560	7929
2660	7297
5494	7666
4156	7689
5256	7236
4915	8609
5003	8008
5658	8082
4656	7405
3649	7244
5364	8662
3951	6391
4902	7481
4951	7530
4843	7646
4958	8576
4488	7013
3485	7241
3300	7320
3418	8209
4899	6412
4818	7288
4778	8331
5071	8968
4435	7823
5258	8773
5445	8386
2811	7104
4835	6629
5062	7737
4459	7444
5132	7331
4724	7255
3403	6396
4182	7727
5524	7827
5623	8097
3750	6588
5153	8491
5420	7964
5480	8053
4716	7900
5579	8979
4086	7664
4701	7518
5007	8215
2894	7720
5349	8469
5643	9396
4095	8066
4066	7624
4255	7723
4953	7878
4968	8114
3861	7533
5672	9084
5266	8734
3374	7569
4998	8058
5099	7587
4590	7605
5175	7761
5269	9014
5241	7223
4950	7960
5430	7673
4399	7640
5342	8671
4920	7623
5416	8713
5413	8369
4815	8164
4704	8370
5201	8332
4321	7252
4859	7644
4226	7798
5193	7913
5141	7313
4824	8017
4424	7495
5800	8318
4474	8381
4685	8609
4778	7533
5501	8311
5449	8406
4746	7449
4184	7543
4728	7977
2004	7141
4568	7935
5629	9031
4997	7855
5599	8547
4699	7509
5048	7791
4020	8621
5292	8010
2638	5910
4883	7368
3425	6672
4674	7755
4937	8618
3497	7105
4907	7612
4441	8137
4668	7546
5345	8174
4768	9047
4814	7861
4714	7252
5295	8060
5153	8762
4260	7300
5391	7102
4094	8089
3739	6880
4994	8178
4118	7107
5436	6992
4759	8484
5074	8733
5104	8289
5237	8115
4949	7564
5393	9002
5199	8234
2923	7485
4325	8201
4972	7923
5078	8053
4538	7313
5152	8365
4247	7248
4431	7652
4943	8229
5241	7707
5318	8309
3902	8101
5115	8229
5611	8886
4735	8305
3202	8385
4568	7636
3397	7098
4619	8140
5528	8948
5478	8538
4885	8315
3634	7791
4878	7956
4799	7697
4073	6483
2620	6297
2898	8105
5623	8108
5055	8265
4899	7739
5765	7523
5695	8820
2576	6771
3760	6718
4670	8463
5021	7810
5275	7643
5139	8366
4760	7372
5430	8579
2826	6381
4613	8006
4756	7875
4896	8295
5320	7756
4634	6745
4234	7812
5511	8864
5143	9130
4854	6814
3154	7215
4401	7469
5358	8202
5552	8354
5078	5984
5370	8408
3709	7724
5757	8911
4606	8154
5449	7861
4846	6910
4477	8062
5055	7520
4525	6420
4745	8492
5182	6213
5789	9742
4761	7488
4865	7828
2467	7008
2049	4883
4028	8482
4169	7516
4811	7204
5109	7498
4238	6080
3463	7718
5242	7577
3788	6357
4029	7602
5188	7888
4490	6997
5144	7957
4767	8229
5414	8531
4447	6714
4476	7493
3068	6539
5217	8610
3799	7480
5036	7420
5287	8226
4820	7645
5202	7958
5180	9008
4913	8039
5048	7823
5423	8376
4580	7328
3598	6373
4343	7287
5517	8646
5709	9184
4788	7616
4462	6743
5795	8911
4786	7377
5326	8417
3664	6480
5049	8185
3128	7519
2830	8116
4696	8534
5238	8060
3982	8149
5433	7974
4111	7168
4167	7724
5320	7229
5225	8318
5534	8800
5440	7849
5169	8411
4909	8011
4816	7530
5311	7803
5341	8055
4654	7088
4932	7064
3680	7399
4747	7726
3907	8003
4456	8031
5264	8918
4317	7642
5620	8619
5074	7625
4903	7595
4766	7743
5644	8729
5382	8315
4545	7734
5185	8336
3495	8510
3954	7689
3112	7469
5297	7165
3830	5973
4889	7627
5322	7800
4918	7522
4896	7463
5700	9178
4621	7356
5492	8980
5493	9598
3861	6789
4045	6609
5741	9039
5023	7711
4901	7770
4681	7286
3214	7735
5483	7969
4836	6894
4350	7020
5161	8043
5219	7685
5021	7474
4811	8945
3897	7905
5130	8142
5389	8981
4517	7264
4698	6507
5023	8050
4952	7429
3658	6433
4853	7649
4935	8146
5578	8124
5747	8001
5345	7949
5382	8506
3954	7599
5575	7943
5169	8034
3615	9086
4833	6618
4622	6967
5146	7990
5479	8031
5128	8431
5151	8389
4359	8027
4403	7321
5056	7419
4488	7574
4991	7589
4386	8395
4335	7308
5505	8226
4899	6534
5497	8320
3790	8425
4917	7911
5310	7764
3294	7894
4802	7862
4076	6855
5217	7477
3613	6956
2785	7406
4806	7808
4765	7041
5223	7403
3785	7945
5690	8597
5841	8681
4771	6961
3269	6901
1916	5551
4982	7692
4865	7584
5102	7279
5034	7837
4613	7239
4244	6245
4244	6833
4625	8668
5377	7976
5069	7916
4865	7873
4525	7351
5474	8521
4793	7132
4011	8566
4941	7838
4461	7891
5767	8472
4074	7962
4969	8464
4283	7172
3409	7078
4717	7878
4792	7603
4782	7257
3985	7449
5620	8909
4499	7918
4822	8669
5496	7975
4869	7702
2333	6648
4459	7719
4974	7784
2602	6373
5429	8811
4340	7509
2229	7107
4121	6664
5035	7018
4770	8077
5411	8369
2391	8191
5731	7877
4861	8140
2832	7280
3800	7518
4871	7792
3219	6819
3694	8007
4810	7602
4815	8070
5305	7927
2850	7789
5396	7783
4923	7662
5572	8323
5632	8892
5275	8510
4882	7030
3695	6347
5760	7141
3502	6690
5176	8482
5082	7139
5440	8182
5148	7750
3976	12273
3369	6342
5575	7728
5604	8388
4193	7311
4984	8418
4715	6982
5459	8560
5009	7630
5012	6710
5435	8204
4743	7593
5118	7325
4292	8049
4570	8555
4113	6345
5051	7155
5042	8453
5164	8098
4996	7651
5741	9275
5127	8047
4841	7675
3910	7210
5120	8913
4826	8140
5102	7594
4746	7671
4753	7572
5039	8234
3690	7485
3972	6231
3017	8854
4402	8176
5392	8554
5033	7831
4002	7163
5100	8544
5081	8078
4696	7369
4844	7606
4710	7881
4250	7057
4936	7360
5274	8011
5750	8101
5240	8885
4515	8949
5085	7595
6468	10473
6149	9701
6684	11527
5895	9456
5665	9061
4272	8907
6066	9296
6193	10254
5725	9019
6244	9223
6405	8958
3363	6983
5250	10375
6617	9706
6430	9771
5757	8804
6044	9084
5947	9788
4345	8851
6040	8515
3368	6891
5679	8785
5235	9285
4972	7710
6467	10677
5752	9927
5450	10073
3700	9165
6686	9778
6311	9373
4430	9120
5595	9315
5406	8755
6104	8425
6307	9137
5696	8305
4803	8983
6054	9168
6102	9301
5869	9932
6207	8985
5248	8635
4958	9027
5805	8536
6461	8843
5808	8894
5592	8295
4354	8615
6129	10192
6258	9247
5812	8847
5410	8536
4058	7679
6392	9928
6403	9651
6267	9637
5844	9930
4610	8641
5359	8181
5279	8940
6419	9741
6505	9314
6162	10481
3548	8020
6276	8774
5293	9514
5052	8137
5405	8876
5829	8763
5526	9290
5689	9109
6346	9793
4969	7844
3625	8431
4183	9768
5895	9435
6255	10233
6551	9466
5401	9435
4775	7755
5512	9383
5647	8361
2772	11343
5616	8052
5786	9621
5429	8339
4622	8896
5309	8645
3840	9447
5368	9124
4834	9819
3592	8973
6213	8877
3219	7906
6328	9493
5243	8558
5794	8158
6212	9659
6353	10351
5230	7514
5864	9085
4818	8479
5915	8898
4913	8493
3441	7469
4335	8233
5927	7978
5813	9818
4595	8312
6128	10911
6184	14827
5191	9079
5714	9523
5578	9550
6336	9427
6025	9633
4866	8784
4900	8719
5676	9219
5964	9574
5470	8707
6582	9524
3362	8807
6036	8832
5940	8867
5558	8940
5883	8849
6322	9581
6208	9469
5700	10693
5436	9235
6476	11227
5856	9817
5900	8951
6255	9846
5480	8565
6402	9135
3671	6519
3586	8242
6001	8694
5677	8674
5763	9660
6210	9680
4132	8975
6507	9022
4902	8724
5626	8546
5443	9402
6152	8796
6490	14462
6294	9326
6204	10376
5881	9753
5072	8795
6703	9060
6213	7908
6256	9284
3860	7431
5483	8693
6348	10557
5701	9879
5571	9690
6301	9137
4547	8526
5276	8635
6517	10077
5513	8220
3877	10784
2844	8386
5587	9022
5756	9384
6317	10026
6552	9156
5892	7645
4361	8232
5157	8958
5932	9398
6130	9421
6400	9445
5875	9329
5447	8360
5840	9216
5409	9003
6696	8252
5692	9172
4939	8377
5720	9167
5979	9897
5315	9307
4057	8792
5986	8994
5518	8732
6433	10317
3011	8389
5465	9918
6099	8657
5429	9478
6268	8939
5820	9732
6289	9998
5639	9483
6585	9077
5372	9336
6122	9082
5891	8651
6071	8878
6027	9210
5592	8772
6405	9842
6067	9705
5528	8395
4536	9541
5713	8759
4855	9312
5568	9015
6072	9016
5875	9682
3079	8351
2934	8706
6751	10443
6079	8707
5889	8597
4991	9023
6454	9824
6254	10054
6299	8626
5886	9167
6038	9785
3310	9378
5730	9345
4585	7921
5135	8268
3054	5845
6112	8602
5678	8037
6257	9727
6753	9881
6269	10130
6472	10603
6319	9206
5694	9041
4340	7212
5728	9309
6068	10177
5832	8838
6570	9473
5178	8356
5642	9235
5751	9125
6287	9628
5868	9314
6278	9617
5623	9609
5792	10218
2948	8099
5713	8637
3752	7577
5363	8785
5422	9148
6444	9741
6012	9563
5988	8916
5380	7836
6002	8389
6159	9745
6190	8704
3527	8300
5953	9384
6042	9300
6344	9925
5722	8824
4155	8290
5257	9082
5836	9901
5929	8483
6460	8890
6424	9999
6576	9642
6046	9293
5824	9513
4626	9065
6254	10252
6369	9332
6150	10152
6533	9902
5552	9565
6601	9453
5817	9496
5404	9545
6671	10171
5889	9892
3822	7815
6056	9652
6221	9505
6251	9642
5303	8851
5361	9076
5625	9908
6365	9480
5715	8158
5690	9639
6009	8709
5841	8628
5652	8793
5898	9023
6300	9466
5375	10638
5850	8778
6061	9870
6210	7856
6278	9692
5710	8959
5698	8888
6087	9219
5476	10487
6181	8352
5527	9352
6104	8880
6127	9404
5233	7673
3173	8028
5851	9489
5899	9637
4694	8902
6486	9480
6364	8016
6059	9839
5520	9173
3225	8485
6291	9475
6346	9489
4604	9954
6139	9743
3977	8405
5129	9348
6154	9740
5693	9232
5841	10342
5571	9285
5783	9161
5892	10882
6117	8639
6195	9247
6366	9800
4215	7948
6187	9818
5809	9063
4541	7941
5689	9782
4703	8514
5698	9450
4698	10632
6560	10217
5821	8724
6394	10393
3983	9037
6463	9484
4627	9704
6234	10264
6237	9887
5358	8819
6201	9189
5999	9743
5943	9083
6410	10005
5818	7638
5785	9136
5399	8839
5225	9870
5590	8153
6213	9932
5961	8154
6297	9437
5828	8632
3451	8801
5777	8654
6281	9850
5912	8001
5739	9368
5817	10425
5805	10028
6279	8883
5294	8632
6509	9781
4787	9698
5746	8924
6050	9439
4406	8268
6187	9942
5384	8822
5835	8873
5612	8968
5363	9466
6667	9188
5864	10344
5879	9937
5898	8901
6236	9997
5127	8260
6001	9453
3161	8185
6543	10564
6069	9390
5670	9999
5176	11260
4742	8149
6143	9077
4180	8947
3280	8579
6750	10250
5040	8610
5265	9150
5900	9058
5710	8607
6714	10800
3926	8224
6417	8405
6365	9970
6763	9877
5721	8557
6003	9562
6174	10167
6152	9349
5278	9287
4131	7660
5134	7988
4792	8834
5802	9475
6667	9477
3687	8799
5524	8272
6518	9818
4119	7907
5321	8674
5445	8912
6045	8813
5319	8784
5216	9674
6394	9937
5831	9422
5065	8981
6117	9596
6460	9012
6410	9956
6006	10102
5460	10308
5367	9856
6200	9503
6220	9836
6172	8801
6370	10465
5247	9333
4350	7505
6132	9314
5276	8260
6535	10251
6371	9079
5658	9228
5258	8591
5334	8978
3945	8869
6056	9594
6092	10317
5605	9293
6077	9431
5700	9199
5474	9513
6220	9890
5931	9698
4644	9277
5496	8432
6180	10370
3717	8215
5402	9008
4985	8344
6148	9246
5707	9536
5849	9678
5110	7821
5550	8547
5924	9975
5916	9124
2266	7515
4379	8687
4601	8440
5777	9147
6443	9808
6023	9729
6589	10362
6262	9509
5820	8981
6047	9607
5997	7617
6134	9845
5970	9034
5564	8629
4700	9356
6328	10061
5734	9159
5836	9119
5947	8994
5801	9044
6735	11020
4068	8197
5835	8883
4013	8759
6039	8318
5136	9786
4942	8119
4078	8530
6307	10261
6110	10043
6050	10011
5636	9013
5469	9439
5263	9132
6621	9658
5706	9304
5735	9143
3583	8622
6136	9811
6247	9199
5463	8587
5563	10212
4427	8107
6257	8298
6337	9444
5694	9114
5526	9363
5316	8711
5361	9066
5104	7752
4463	8374
6171	9874
6048	9503
4437	8817
6436	9367
5753	8778
5379	7991
6005	8686
4946	8719
6293	9217
3464	8822
6509	9930
5816	8959
6425	10235
5676	9017
5500	8865
5920	8747
6067	9614
5562	9779
6380	10283
6587	9825
6373	10436
5704	9058
6302	9879
6631	11084
5493	9293
6297	8959
4610	9104
6619	9921
4216	8526
4868	8998
5170	8617
2851	7736
5548	10637
4355	6348
5364	7989
4981	9441
6403	8872
6240	9768
5363	9037
6313	9375
5816	9063
6457	9730
5609	8954
6659	9898
5635	9537
4086	9609
5347	9239
2913	8254
6517	9292
4758	8622
5642	10212
6119	9420
5875	8981
5878	8684
6148	7243
4821	8883
6334	9777
5792	9776
5008	9006
6480	10023
4519	7869
5925	9670
6183	9919
5197	7798
6004	9071
4536	8461
6112	10306
6220	9310
5398	9704
6055	9752
6427	9953
5402	8305
5030	8637
4612	8759
6223	9434
6497	10180
5961	10242
6212	8865
5008	8343
6526	9596
5220	8350
6414	9579
6209	9711
6679	10716
6398	9726
6614	10311
3630	7546
4146	8503
5953	10022
4816	8726
5443	8964
6244	9992
6026	10482
5863	9218
6139	10147
4684	8158
6544	11206
6058	9352
6113	9874
5866	9621
4531	8767
5675	9098
6081	8593
3989	8790
5355	8486
5987	9291
6265	9702
6005	9160
6306	8812
6899	8898
6198	9449
5584	9136
6295	9773
6628	9691
5973	9123
5732	9636
4464	7730
5713	9353
5316	8855
5467	9103
6119	9894
4686	9766
5907	9729
6520	10232
5285	9112
6128	9418
6060	9181
3889	8517
5950	9070
6681	9591
6493	10137
5870	9349
5192	9447
4702	9894
4027	8769
5886	8998
5622	8652
5830	8726
6480	8484
6321	9850
6370	10177
5770	8787
4486	7396
3917	7512
6087	9590
6549	10081
5576	9329
3784	8002
6042	9500
4329	8612
5543	9132
5594	8426
6238	10793
4880	9957
5602	8581
4261	8515
5859	9121
5865	9480
5431	9126
5379	9381
6042	10518
4842	8351
6380	9424
6398	9769
5687	8420
4983	8397
6181	9905
5693	9683
6533	9493
5853	9001
5932	7583
4566	8824
6593	10707
5559	8243
5557	9369
5826	10298
6821	11250
1111	4420
4980	9103
6429	9792
6037	9084
5282	8691
5350	9652
5839	9567
6604	9920
5243	9422
5467	9390
6077	9125
5406	9495
5896	9311
5107	10098
3264	9112
6331	9722
5762	8558
5325	9201
6426	9750
5572	8623
4319	7392
5521	10177
4857	8386
5238	8923
5314	9599
4136	8710
6183	9407
5983	9142
6033	10617
5904	9011
4463	7557
5978	9095
5882	8073
5786	9115
5551	10583
6283	9818
5302	9596
6227	9407
5210	8794
5967	9829
6529	10313
5098	8980
5973	8456
5673	9602
6055	8940
6242	9702
5748	9406
6442	9452
6029	9356
4462	8781
5755	9255
5524	9298
5938	8931
6053	9334
6593	10190
6108	9419
6198	9139
5872	9551
5618	9454
6144	8712
5971	9324
6400	9893
6397	10040
6044	9078
6137	7694
5797	9391
5380	8376
6089	9624
6480	9562
5725	9855
6335	9375
5120	9163
5769	8645
6174	8423
5408	8568
2698	8126
5839	9135
5807	9134
5021	8607
5708	9202
4308	8451
4883	10006
6060	9111
5602	9412
6403	9891
5636	7928
4570	8268
5657	9300
6127	10158
5907	8427
6077	10236
5386	9304
5707	9325
5787	9201
5717	9175
6002	10352
6184	10024
6197	8893
4237	7860
5613	9446
6256	10209
6009	8459
6377	9928
5750	9166
5874	9212
5319	9144
5629	9531
5655	8852
6024	9177
6091	10043
6550	10880
6097	9833
3690	8581
5173	9097
6058	9394
3437	8492
6387	10128
6669	10996
6379	9483
6471	9678
6265	9755
3079	8184
5040	8765
5858	9388
4108	7744
6121	9235
5573	8872
6141	8848
6009	9628
5387	8919
6169	9414
6034	7352
6143	9519
6269	9983
6231	9172
6446	9480
6758	10079
5585	10847
4805	9404
6505	10214
4071	7528
6345	9946
5556	9074
6363	10450
6195	9577
4820	9610
6276	10012
6432	9767
4820	9349
5235	9173
6281	9531
3925	8368
6564	10492
5947	10374
5636	8616
5645	8708
5386	9100
6709	9273
6075	8746
5848	8327
4774	8584
6053	8917
5202	9044
5937	8094
5820	10598
6037	8929
5942	9517
5267	9725
3729	9179
6004	9722
6241	9229
6096	9017
5468	9472
3640	6855
6184	9431
6679	9841
5587	8706
6145	9881
6043	9501
5948	9095
5690	9303
5103	8515
5704	9103
5755	9070
4478	8127
6463	10016
5365	9418
6237	10228
6024	9255
5788	9079
4426	7005
3602	8925
5341	9472
5244	7971
6300	10157
5423	8935
4076	9387
4309	8336
5979	9143
5781	8948
3994	9923
4261	8453
6056	9287
4004	7955
4628	8677
5409	8105
5204	8015
5281	9552
5896	9000
5781	10226
6100	8425
5991	8932
5981	9430
6034	10649
5930	9652
5792	9716
3681	9006
5522	7935
5979	10035
4888	8228
5984	9515
5926	9000
5862	8669
5407	8625
6197	9537
5996	9538
5745	8956
5811	8992
4994	8899
6006	10676
6111	10382
5994	9351
3589	8849
4135	7116
6005	10313
5314	9452
5392	10199
5577	9212
5882	8855
6167	10059
6591	10046
5518	9434
5649	8746
5779	8555
4342	8803
6666	9720
6527	9475
3943	9652
6576	10561
6113	10520
5800	9838
6260	10157
6663	10496
5942	9856
5885	8937
4873	7836
5649	8262
6129	9642
6107	7690
2690	7623
6549	10480
5475	8583
5912	8188
5824	10079
3098	8554
6436	10022
6004	9347
4872	8499
5980	8636
6265	10864
5333	9629
5652	9669
5938	9418
6432	10386
5932	8659
5539	9413
6218	9092
6009	9359
4750	9450
6184	9862
4670	7848
6202	10251
6580	11065
5953	8755
4744	7644
5985	8470
6393	10862
6118	8906
6216	7852
4215	8071
6627	9634
6664	10277
6548	9943
6888	11469
4905	10071
7044	10915
6317	10858
7260	10896
7148	11574
7223	10036
6117	10908
6797	10676
6852	9826
6695	10617
7279	11495
7570	11809
5909	10502
6381	9870
5325	9778
7132	11476
6387	9333
6379	9685
7404	10122
7339	10229
7107	10478
6654	11033
6679	10158
6882	11001
5731	11214
7506	11019
7221	11889
6578	9746
6964	11481
7012	7040
7153	11005
6954	9737
7382	10979
6812	10634
7056	10805
6666	10242
7408	11604
5910	11336
6693	10237
6381	10352
7298	11890
5745	9613
6391	9197
6350	11166
7216	11954
6598	11144
6469	9771
6846	10509
7094	11673
6459	10703
7146	9805
7298	11368
7303	10899
6246	10313
6785	9753
7397	11294
6255	10334
6611	10956
6374	11851
6929	10608
6808	10519
6966	10105
5784	11358
3878	10828
6602	9898
7076	11262
7460	12042
6431	10506
6095	11375
6167	9815
6788	11142
7353	11837
6400	11183
6666	10520
6436	10928
3346	9840
6770	11579
7215	10988
7394	11535
6185	9794
6682	10466
6541	9100
6390	10005
7036	11571
6578	10568
6961	12308
3186	9424
6131	11421
6640	11000
6460	9954
5052	8591
6035	11868
6357	8294
7021	10990
6963	10478
6664	11060
6833	9502
6956	10474
7902	10100
5992	11055
6489	9692
6899	9732
7260	12060
7013	11694
6767	9947
6965	11567
7635	13013
6275	10862
6205	9617
5480	9613
7264	10509
7118	10361
6439	10904
7154	11611
6398	9691
7237	11391
6551	10819
7643	11619
6152	10440
6646	10914
7004	10814
6909	10858
6889	10071
2694	8440
5430	10804
6909	11236
7273	10992
6755	10954
6570	9941
7137	10576
6603	10717
6675	11299
6767	10922
7086	9913
6755	10604
6911	11896
4072	10957
7369	10766
7441	13690
6688	11560
5798	10798
5062	9551
7077	11652
5779	10345
6986	11454
3886	11117
3652	9005
4808	9808
6579	9683
6269	10244
7245	10418
6967	10343
5636	10145
6643	10701
5947	10298
6457	11132
6907	10685
4764	9593
6804	10739
6741	9866
7174	10095
4465	9781
6691	10858
6628	11075
7303	11915
6980	11403
6694	10256
5839	10355
6732	10424
7181	11357
5562	11345
5647	9784
7045	12052
6630	11442
6926	11586
4638	10427
6879	11030
5646	11243
6682	11332
7220	10994
5545	10553
6043	10718
5930	10180
7407	12075
6888	11478
5471	10546
6747	10879
5383	10501
4950	9392
6616	10107
4488	9391
5312	10066
6415	8929
4410	8390
6438	10686
6461	11765
5896	10419
6467	11452
3996	8573
5641	10028
6765	11380
6564	10721
6435	9913
6938	11405
5881	10038
7143	11049
6549	10465
3086	8817
7416	12545
5801	8775
6537	9355
4605	9386
6877	9790
7696	11115
7416	11361
5650	11107
7806	10840
5633	9516
6681	10573
6755	10317
7189	9505
7445	12188
6289	9894
7119	11783
6567	11427
7639	11565
5670	10521
7213	10858
5610	8963
7175	10470
7017	10819
6227	10711
4592	11085
5428	10097
6441	9899
7650	10592
7430	11380
5619	10160
7397	10437
4242	9322
4793	9371
6344	10498
6968	10692
6859	10656
5539	11240
7169	9792
6847	11146
6133	10830
3744	9476
4903	9739
7374	11353
5937	9749
7016	9870
6574	9804
3696	9239
2858	7713
3885	9806
7316	11124
6993	10993
7315	11212
6849	11096
6272	10603
2711	8679
6653	11276
6349	10089
6818	10649
5400	10301
7583	12427
4926	9225
6622	11765
6484	9962
5235	9905
6804	11071
7203	11168
5401	8943
7203	10130
7343	11509
6400	9677
5331	9872
6775	10098
7161	11110
7301	11279
6864	9512
7380	10785
6771	10498
6621	10711
6660	10784
6595	11162
6930	10651
7128	11570
6342	10168
3866	10471
6606	11436
6255	10846
6320	9972
6180	10437
7654	11977
5478	9875
6403	10599
6711	10867
6828	10577
5484	10680
6387	11355
6039	9341
7221	11866
7508	12664
6212	11462
5300	9147
6778	10536
7179	11410
6835	11163
7499	11665
6897	10718
6295	10468
7507	9380
6707	10994
7050	10410
5537	9712
6695	10594
7202	11313
6799	10661
6516	10400
6906	10353
6853	11437
6395	11050
6037	10935
6585	10532
4783	9129
5702	10670
5819	9056
7455	11723
6760	10525
6437	10416
7048	10051
6385	10087
5576	9059
7385	11796
7337	10681
4633	8900
5808	9245
7205	10612
5871	10604
6600	10617
5048	8997
6261	10812
4592	9202
5497	9945
6662	10855
6748	11036
7558	12653
6801	10955
4828	10134
6593	10996
3991	9974
5204	9714
6451	10005
6761	9411
6690	11301
7255	11349
6732	10950
7467	11343
5729	9971
6645	9751
7339	10967
4947	9140
6547	11542
6753	10892
6801	11030
6879	10073
7463	11064
6803	11207
6164	8970
2393	7977
6489	10486
6531	10499
4268	8824
6758	10255
6308	10434
7157	12014
5374	10619
7511	11964
6462	10440
5184	9962
6935	11442
7057	10397
5487	10046
7267	10708
7369	10573
6576	10458
7516	11821
6866	9558
7358	11139
6603	9690
7296	11744
5718	9236
6710	10658
6703	11069
6780	11430
7644	11493
6639	11562
5305	9998
7451	12273
6778	10906
6067	10142
7276	11116
6750	10603
6536	10444
6572	10742
5827	10017
6496	10110
7020	11352
6659	11118
5850	10065
4354	8441
6003	10285
4678	10360
6427	10430
6743	10829
6797	10715
6890	10403
7462	12067
6182	10452
7133	10704
5534	10709
5432	9337
4963	9472
6813	11690
6817	10322
7215	11446
3783	9628
6924	11037
6858	12031
4613	9218
4631	9987
7249	11084
7156	10511
5336	11573
6943	10409
5196	9140
6909	10683
7064	11531
6744	9266
6570	10739
6604	10571
6987	12199
6463	10463
7325	10998
5110	9278
6439	10715
6441	10656
7213	11224
6514	9865
6711	10837
6387	9821
6793	10787
7303	10826
6644	11137
6409	10358
4857	9515
7139	10265
6771	10499
7500	11665
7175	10495
6101	10288
3319	9150
7501	11463
5939	10916
6741	10686
5125	9062
6244	10612
7071	10635
6504	10262
6848	11921
6817	10456
7668	10972
6678	10218
5088	9735
7546	11923
7172	11098
7261	10783
7185	10148
6984	11325
6776	9609
6964	10753
6257	10586
7347	11851
6981	9399
7224	10026
6820	10050
7034	11299
6058	10163
6688	10024
6793	10625
6423	10625
6882	11089
7000	10292
6539	9715
7462	9296
7069	11149
6765	10570
4971	9379
7471	10802
7403	11437
6752	10490
6858	11957
5903	9085
6953	11042
6904	10157
6927	11277
6502	10265
7184	11334
5223	9751
7404	11428
7431	11832
6377	11061
5721	10210
6848	9333
6101	11109
3777	10608
6793	11330
6854	10484
6685	10980
5286	10808
6583	10035
6950	11194
7007	10148
7287	11008
7277	11686
7296	9204
5320	10002
5902	10005
6991	10298
6713	10643
5637	11161
6847	10571
7366	10278
5097	9892
6616	10288
7489	10862
5447	7584
7354	10776
6795	10456
4413	10679
7207	11353
5388	9398
6562	9863
6784	10500
7422	11612
6482	10431
7607	10429
6702	10240
5756	9957
6942	11529
6367	9392
6917	11451
6522	10679
6964	9834
5150	10196
7469	11088
6697	8683
7028	10635
6981	11276
5330	9842
6978	10934
7196	10486
6320	9974
7135	10397
3300	9743
4716	10876
6418	9978
5668	10124
6731	9976
6643	10831
6351	11103
7314	11021
6506	10319
6775	9917
7235	11223
6235	10300
7094	10641
6964	11406
6341	10844
7290	11300
6466	9576
6663	10807
3815	9778
6580	10317
5025	11024
7261	11591
7422	12156
7492	11621
6562	11096
7473	11603
7409	11954
6782	9302
7042	10159
5440	10574
7299	9804
5893	10549
5299	8867
6779	10219
7341	11451
5832	10798
6044	9829
4427	8557
5282	8500
5819	10086
3853	9344
6400	10247
6405	11346
6184	10937
7117	11256
6411	10297
7269	11485
7236	10596
5429	10816
7040	11087
5104	10715
6667	10651
7359	11086
7056	10577
5293	9895
4290	7652
6403	9830
6689	9661
6931	10300
6013	10773
6605	9605
7443	11248
6597	10190
6545	11257
6549	8505
6006	9582
7480	11410
6935	11542
6757	11184
5832	9858
7745	10459
7556	12381
5305	9965
5847	10682
3011	9295
6351	10487
7257	10789
6597	9800
6750	10363
6683	9420
5473	9611
6242	10781
7029	10164
6802	11787
6142	10886
6891	10076
3813	10903
7216	10650
7525	12274
7216	11324
6554	11177
7157	10546
7449	10817
6928	10425
6869	10398
3623	9960
6392	10355
7523	11985
6979	10771
5848	9929
7429	12572
5745	10648
7268	11485
6996	10988
6623	11310
7058	11317
7175	10967
7388	10321
4903	10079
6338	10559
3488	10110
6647	10780
6381	11096
7189	11925
4603	8246
6889	9445
7140	11628
4482	8815
7037	10793
6724	8824
3867	13885
5824	11359
6085	9749
7420	11326
3794	9389
7536	11737
6671	10029
7503	11711
6836	10345
5127	8552
6945	10562
7237	12075
7139	11740
6983	9567
5790	11294
6671	9442
6834	12206
7331	10732
7704	10524
3609	8511
7077	10897
6418	10320
7152	10449
6659	10141
7171	10397
7464	10650
6797	10759
7556	10401
7430	11262
6796	11232
6813	10644
6991	11653
5448	9275
7034	11309
6799	10860
7227	11166
5164	9189
6581	10257
7124	10135
7067	11888
7703	11176
7257	11229
6352	10710
6393	9180
7486	11135
7355	11287
6513	9922
6550	10214
6755	10963
7617	11550
6541	10385
7053	10179
6693	10028
6462	9878
6360	11090
7181	11681
7834	11199
7020	10651
6452	11285
7381	11713
6612	9633
6861	11408
7299	10736
5781	9573
6021	10923
6130	10847
5665	8754
6715	8768
6025	10866
5127	9417
7196	12106
6994	11209
5678	11056
6163	10155
6245	9061
7283	10085
7521	10049
7042	11092
4198	8103
4769	11482
6296	10628
7297	10851
5216	9165
6609	10765
7343	11966
7370	11823
7189	10421
7665	11687
7643	11213
7293	10955
7132	10167
6995	10267
7014	10486
6918	10131
6483	10343
7347	11966
6924	10632
6944	10249
6434	9272
5945	11290
6505	11024
2937	8923
6674	12103
7296	11121
7816	11650
4303	9923
5000	10754
7447	10185
5024	9374
7281	11147
6913	10387
5755	8469
6906	10642
7069	10964
6384	10558
6751	10641
7165	11353
7254	10339
2857	10453
4206	9414
6729	9755
6531	10547
5890	10838
6844	10752
7169	11772
7224	11503
4730	9387
4479	8057
6764	11203
7123	10642
4750	7761
7139	10729
6039	10629
6709	11386
7648	12709
6240	11447
7491	11498
6303	9337
6179	9870
6484	9787
6492	10734
7083	11418
2558	9758
4502	8951
6907	10089
6677	9863
7620	10663
3496	10582
6070	10635
7229	10988
7088	9685
6420	11034
5826	11419
5197	10286
6350	10026
6213	9811
6933	11377
6182	9070
7020	10912
6330	10333
6442	9386
6206	10298
6599	10028
6345	11618
7052	10409
6901	10433
6057	10313
5349	9125
6464	11042
6865	10402
6440	10612
4531	10136
6917	10614
5013	9699
7103	10463
6738	11167
7084	10679
2511	11136
7031	10992
6879	10925
6801	11157
7172	11349
4190	9797
6493	10447
5828	9846
5658	8776
6096	9695
6960	10471
5865	10004
6408	10481
7282	11759
6094	8170
6979	9875
6748	11553
6700	10173
5447	7775
7163	10954
5277	10963
6077	11157
7035	10591
4430	10153
7122	10815
7113	10366
6440	10833
7087	12629
6621	10466
6144	10349
7388	11392
6849	10261
4853	8292
7546	10670
6937	11121
2813	9644
5557	8064
6640	10654
5693	10220
6339	10476
6220	10164
6033	10490
6242	10576
6954	10176
7171	9669
7324	10334
7440	11357
5963	9806
5727	10355
6879	10261
6535	10489
7369	11756
6171	9588
442	12687
6730	10866
6715	10253
7597	10050
6939	10670
6710	10507
6219	10443
6687	9859
7542	10691
7431	10780
6494	10101
6242	10642
6743	10276
6699	10459
6196	10182
6677	9997
6990	9868
3770	11869
6348	9635
6979	10651
7709	10942
6992	11181
3467	9877
7072	9626
6458	10996
7347	10376
6275	11218
6581	10007
5843	10754
7018	11149
7521	11201
6897	10981
6534	12070
4289	8717
7605	10749
6564	10235
7307	10289
7162	10508
6542	9903
6614	11653
6928	10212
6901	11408
6108	10188
6734	10086
6950	9653
5439	9341
6410	10929
7269	10430
6498	11277
6893	10449
6251	12076
6555	10473
6063	9446
5404	10502
6212	11085
4261	8625
5694	9224
6919	9701
6477	14716
7148	11451
6959	9914
7184	10517
6963	10294
7163	10787
7181	11069
6697	10258
6898	11173
5176	9491
7166	10441
7453	10995
5728	11046
6461	11029
6253	10875
6628	10569
7623	11983
6818	10415
7146	11027
6756	10144
7621	10532
8191	12780
7647	11752
7449	11379
6849	12675
7599	13010
8598	13811
7698	12054
7740	11041
7247	10674
7715	12706
8191	13057
4743	10331
6384	9938
7685	12040
4056	10918
8229	13134
8157	11265
7402	9817
6785	10290
8037	11939
8008	11169
7905	10725
7283	12020
8328	11286
7786	12869
6976	11863
7850	12022
6966	10941
8107	12107
5662	9152
7735	12860
7438	10739
7910	12461
7549	13443
5994	9714
8166	11697
4349	10908
7348	12443
7980	12791
5898	11086
8131	12591
5779	11375
7807	10867
7072	12255
5131	11034
7896	10672
7764	12927
8111	12480
6989	11589
7815	11395
6411	12267
7748	12261
6863	11572
7822	11610
6652	10182
8134	12613
7598	12091
7930	11913
6391	11711
8209	12738
7804	12324
8505	13573
7582	11979
8710	12096
6140	10873
6794	11200
7704	10606
8458	12932
7906	11411
7836	11907
6495	10187
8466	13601
7873	12140
4810	10414
8377	11887
7448	12137
8107	12511
8079	12491
6799	11450
7909	12405
6310	11942
7854	11747
7851	12953
6031	11356
7182	11613
7089	11532
7994	12387
7719	13172
5632	11402
8442	12722
7742	12065
7573	12549
8073	11435
6480	12566
7425	11828
6057	10350
7872	11808
8610	11637
5435	11416
7359	11085
7939	12363
7866	12186
7806	12682
7422	12560
3925	10716
7743	10970
6032	12578
7995	13362
7110	11329
6316	11026
7467	12640
6255	11948
7138	9638
4002	11762
7796	11107
6999	10713
8104	13374
8572	12527
5840	11574
7742	11539
7320	11545
7300	11999
8069	11444
8439	12363
8723	12882
8327	12544
8273	12439
7637	13010
8114	13237
6531	12902
7728	10731
7936	13259
8672	13455
7869	13402
8444	13019
7213	11216
7395	12041
7144	12642
6587	10259
6258	11148
8320	13147
8705	13454
7841	13183
7620	11370
7792	12735
7215	12642
4983	11016
7109	11689
7178	12456
7819	10575
7754	11725
7016	10881
6833	11306
7915	13221
7580	12964
8263	12109
7267	12111
6395	11177
8038	12760
5696	11946
6436	11047
7861	10826
6261	11012
7975	11859
3911	9607
7400	12342
6286	11453
7437	12106
6083	10464
7721	10516
7085	12123
7191	12151
8154	13904
7698	12499
6463	11861
5942	10780
8509	12568
6679	11446
7441	11797
7409	12068
4993	11090
8101	11647
6944	11272
6909	11395
7570	14182
7097	12173
6911	11375
7680	11145
8049	13457
7670	12451
8069	11639
7409	11671
6970	12607
4461	10681
7754	12067
6607	10804
7709	11106
7895	10982
4734	12323
8620	13916
7838	12153
8069	9280
5040	12491
7692	12026
6732	10862
8682	12612
8438	12810
7682	10589
8217	12152
8540	12583
5699	11287
7271	11235
7778	11946
8289	12430
7886	11962
7836	12591
8068	12285
8002	11938
8594	12797
8287	13174
5397	9975
7761	10497
6645	10282
8093	12183
7812	11495
6454	11601
7853	13172
7288	12047
8172	12526
8565	12101
7755	12049
5729	10808
5832	11770
8585	10143
8222	12509
7871	11739
6797	10865
7319	11120
7191	11285
7261	13960
8009	13079
6756	10799
7957	13064
8289	12972
8466	12017
8190	13232
8374	12556
4780	8681
8608	13400
7641	13737
6966	10566
6265	11205
6593	10694
7667	15504
7956	10030
8251	12334
8041	9809
5606	9857
7191	12492
8409	12678
7289	12518
6319	12276
3358	13126
7957	12264
7421	12471
6710	11374
8474	13323
7443	12451
7221	11479
8139	11684
6212	11387
7856	11467
8202	12618
8166	11740
6920	11027
7632	11456
7494	10977
7765	12381
7414	11441
8383	12436
7603	11792
8146	12431
7085	12032
7316	10921
6908	9552
8426	12472
7012	12113
8475	12585
5790	9466
6912	11350
6364	10093
6447	11162
1241	8021
7627	11536
6114	10356
8156	11527
6697	13147
7694	10707
5874	10564
5224	11339
6939	12286
6032	10597
8302	12053
8228	12278
8245	12101
6222	11327
7979	12758
4160	11710
7741	13069
6426	11568
7612	12420
7914	10440
7610	10405
8099	12792
8395	12400
7337	12157
8164	12184
7948	11177
6507	10760
8406	11924
8180	11671
6808	11880
7320	11715
7943	13421
7538	11169
5796	11148
7478	12659
7972	11768
5286	10128
5549	12097
7758	12022
7051	12396
7971	11605
7134	11709
7746	10292
7425	12023
8321	13249
7330	10652
7058	12061
8344	13062
7829	11753
7767	11998
5868	11925
6944	11842
7103	12582
7895	11355
6727	11288
7486	12103
5648	10981
7956	12967
5012	8762
7413	12051
6511	9739
7632	12459
7196	10997
8421	12333
6372	11526
7786	10853
7155	11328
5915	11285
7813	11527
7518	11197
7068	12696
3045	10955
8431	12859
7233	13816
7383	11356
6606	11414
6786	11487
7438	13485
6905	13437
7123	12179
4475	11484
6271	9415
4731	11634
7952	12950
8049	12544
6693	11421
7652	12008
7517	12408
4225	8909
7362	11835
7677	11995
7575	12066
8496	12602
7091	12325
7852	11184
8155	12833
4648	11215
6541	11450
7898	12780
8537	12353
8607	12170
8476	12693
8518	10898
8557	12423
8485	12925
7555	12586
5370	11886
8221	12472
7390	11927
5824	11096
6183	10807
6746	12849
7858	12566
7890	11704
8365	13545
5864	11005
8067	11974
7847	10582
7560	12923
7427	12667
8101	11953
7792	11819
7779	11499
8261	11949
7700	12523
6899	11668
7819	11625
7287	11519
4316	10377
8145	12813
7896	11546
8115	12862
7907	13977
5672	9884
8442	9253
7801	12439
7716	11923
7858	11586
8073	12214
8182	12560
7659	11418
7377	11819
7663	11361
6747	11353
8164	12446
7721	12557
6962	11030
7695	11237
7574	11540
8018	13599
7898	13947
8069	11594
7515	12555
7724	11887
6868	10316
7367	12365
6180	12387
8111	13405
7576	11646
7501	12077
8262	11681
8171	12775
8730	13635
8517	12854
8192	12682
7594	11873
8404	13070
7267	10675
5880	11064
7733	11807
7269	11483
7488	12127
7555	11189
8468	12790
7993	10326
8078	10932
7578	13229
4255	10849
8007	12222
7202	12020
7161	11832
5713	10402
7623	14211
8452	13073
7453	13008
7985	11957
8118	12723
8350	13445
3072	11414
7310	11586
7624	12035
8049	11255
5757	12619
6394	12347
7896	12279
7657	11917
7761	12299
8570	12554
6482	12690
6576	12048
7722	11242
7268	11868
8100	10973
7383	11172
7908	12719
7711	11418
7472	12987
7512	12362
7978	13087
8180	12563
7666	12298
8273	12875
6441	9256
7820	11640
5866	11848
4029	8851
7109	12648
6786	12344
8077	12675
7451	11142
8201	12826
7929	12251
8051	12398
7826	12366
7123	11823
3992	10425
7297	12030
7742	11405
6585	12580
5875	10831
3980	10125
7673	11422
7600	12124
6112	11648
8060	12536
5138	9602
7024	10879
6652	11666
7286	12498
5954	12458
6748	11473
6357	10819
5343	10074
7834	11939
5703	11107
6244	10541
6093	11055
8521	13163
7641	12171
2235	11211
6998	12117
6837	12686
8524	12981
7952	12040
7144	11701
7407	11431
6067	11127
6005	11557
7590	12819
5797	11006
7558	11506
5606	8431
7680	13372
8346	13214
8048	12607
6291	12198
7719	11226
7734	11198
7972	12414
8109	12481
7861	11630
3289	10604
7011	11420
8731	12792
5579	10576
8387	13697
7043	11392
5261	11518
7576	11264
7454	12523
7804	13486
7486	12484
7688	11694
7892	11806
7831	13037
7721	10788
6767	11589
7743	12673
8184	13373
7720	13223
7364	11490
7147	12439
8015	12002
3917	11201
4701	10351
4149	10587
7789	12328
6289	11603
5918	9916
7650	12089
8452	13308
8036	12236
7516	10884
5149	10116
7680	12109
5663	10540
8433	11461
6771	12553
6509	10397
8250	12109
7714	11356
7657	12304
8358	12505
5720	10476
7404	12240
7723	10150
7749	11877
7469	12386
7598	12610
7906	11340
5932	10790
7684	12192
7766	11264
8407	12078
8066	12458
8331	12696
8255	12474
7125	11541
6824	11225
8120	12053
7964	11774
7858	11604
6164	10964
7858	12024
5866	11679
6312	10768
7819	12338
8248	12890
8152	12173
6270	10934
8207	12618
7998	12618
7801	12226
4253	10454
7591	11990
7629	11740
7879	13163
7608	12112
7436	13233
7183	11826
7650	11063
7787	11532
7050	10839
7861	13009
7659	12264
8135	10332
8334	13313
8116	12669
5580	11012
6746	12078
7525	10774
7865	12151
8352	13660
6374	12074
7400	12547
7744	11236
7864	11701
6332	11098
7942	12325
7458	12732
7947	11208
6132	10570
6852	11554
8234	14465
5890	10054
7104	12416
7951	11498
6201	11213
7519	11725
7689	11685
7505	11372
7074	12840
6173	11229
8012	12643
6645	10763
6478	11671
7813	12282
7248	10653
8291	12372
5802	11304
5456	10577
5561	11827
8470	12582
7618	12415
6593	10791
7556	13101
7300	10749
8032	13260
7875	11940
8237	12482
7726	12646
8537	12467
6747	12194
8009	13341
3110	10528
8517	13156
6093	11311
5721	11757
7571	11336
7767	12505
6785	10008
6954	10294
6899	10719
7674	12395
7843	10813
6249	11117
8448	13169
7006	11968
7798	13033
8095	12182
4287	11502
7847	12440
7149	12533
7851	12850
4882	10598
8251	11192
3555	10897
8309	12347
8318	12390
4556	10928
6889	11198
8372	13029
8079	12019
5762	10869
7138	11066
8201	13842
7680	11986
7696	11534
7860	12134
7975	11977
8205	12787
4251	11673
6056	11115
7921	12870
6582	10582
8002	11762
5424	10430
6809	12362
7868	11825
7472	11990
5265	10574
8019	12022
8386	12399
6910	11221
6604	11988
8321	45204
7333	11797
7324	11352
4796	9152
4208	8214
7683	11224
7234	11529
7462	11230
7023	11488
7376	12487
7317	11885
8166	14512
8223	34174
8247	11572
8018	13711
6258	10833
7647	12027
7476	10535
4657	11764
8256	13000
8555	12300
8649	11910
7780	11251
8006	11606
8518	14125
7483	11896
7330	12232
7644	12396
7601	11246
7778	11475
7692	12043
6990	12167
7481	11652
4378	9868
5913	11140
6473	11103
7964	11920
5300	11004
8152	11618
8329	13291
8034	13529
7354	11812
7607	12247
8096	12867
8263	12683
7211	12449
6726	11111
7863	12825
7867	12714
7218	11046
8227	12410
6357	10597
8100	12023
7759	11917
7314	12102
7377	12390
7690	12447
5071	10626
7506	11145
4852	10822
8108	12905
6717	10080
8257	12776
6637	11932
5103	10999
7615	12825
6726	11837
7940	12270
8457	12451
7798	12081
7368	12313
7832	11693
6686	9770
5296	10825
7534	12424
7813	13215
6586	12363
5339	11850
5715	8930
5739	10651
7493	11712
7631	12241
6911	12188
5496	11643
7765	11339
6941	11423
8429	12734
7454	12164
4582	8571
7930	12552
7472	12194
6278	10647
7092	11483
6724	12406
8323	11680
8318	12444
8390	13233
7713	12295
7926	12554
7365	12345
7912	12920
3769	12083
7986	12197
6561	11988
7259	11525
8234	10701
7173	12678
7708	10023
8683	13359
5879	9785
7916	13281
7634	12135
7614	11520
8357	12116
8115	12070
7269	12146
8165	13037
8036	12338
7856	11108
6708	12918
7762	11620
5510	12348
7911	13662
7528	11695
7599	11917
6366	11371
5243	10041
7946	12794
8150	10997
8433	12280
7224	10552
8129	12555
7812	10992
7902	12391
7498	12246
7742	10941
8383	13197
8340	13264
5695	10979
5220	10902
7767	12754
7818	11662
8541	14088
7732	11184
7632	12379
7913	12638
7672	11748
8192	12516
7871	11858
8091	12330
7532	12984
8100	12214
8379	11642
7447	11807
8430	12348
7906	13532
7627	12133
4857	13208
7859	11540
6873	11085
8104	12619
7176	11725
7113	10550
3750	10997
8377	12142
6737	11740
7734	12038
7911	12014
8001	13786
7973	11615
8050	12801
7917	11795
7425	12941
8459	12147
7183	11576
5895	10607
8388	13975
7654	11178
7445	11294
8061	12596
7944	12350
8192	12476
5972	11222
7678	12177
4189	11177
6668	11814
7733	12247
4638	11826
8477	12329
7995	13418
3937	7127
7422	11115
7831	11143
8080	13592
7977	12468
6966	11493
8196	11656
7579	11377
8012	12677
8301	12859
7762	12342
7700	12323
6698	11562
6760	12660
5188	10850
8283	13446
7643	12086
8414	14568
8148	12688
7703	12451
7810	12435
7790	11645
6940	11938
6721	11339
8189	11150
7099	12005
8187	12227
8015	12388
7284	11300
7898	13386
7996	11966
7831	13022
7846	12047
6809	11392
8030	11831
7162	12024
4587	9907
7307	10751
7204	12357
8205	12894
7655	12665
5700	10992
6999	11986
7887	11793
5163	9787
8277	13993
6859	12269
7905	13480
7847	12720
7382	12362
5359	11668
7279	12439
7832	12411
8065	13200
7792	11542
7905	12872
7648	12296
7975	12791
7270	10623
2816	11277
8280	12086
7828	12958
7659	11618
6568	13333
4158	11419
8313	12719
7651	11889
8790	14154
8453	14315
7674	11397
8773	11544
8558	13559
8960	14328
6879	12592
5433	12476
7819	13028
7869	13581
8355	14103
7981	11112
9220	13917
6769	13710
9420	13968
8916	13830
9316	15628
8787	13517
8417	12344
8390	12558
7195	11462
6625	10843
9444	14559
9160	14287
9456	14840
9060	13498
9104	12799
5944	11904
8059	14271
8513	13804
3889	11750
9402	14622
8266	15438
8774	13657
8837	12594
6380	14121
8695	13407
8615	14461
6041	13233
8481	13895
8792	14314
9110	12570
9064	13353
7067	12897
8656	13728
8599	12867
8587	12415
8758	13741
8212	12830
9245	13135
7610	14105
8474	13809
8351	12623
7906	13012
8789	13442
9429	15178
8909	13744
8323	12245
8604	13110
9464	14701
7121	12071
8278	12667
8835	14656
6906	14414
8661	13600
8765	12393
9271	14798
9073	13608
9010	13650
9102	15064
9103	12497
8633	12963
9234	14833
7749	13001
8731	13266
8657	13717
6529	11247
8852	13663
5244	14258
9232	13938
7498	12593
7733	13791
7505	12401
8672	14073
6847	12749
8483	13713
8280	12965
9495	13693
8902	13576
8846	13172
9124	13895
8129	14236
8758	11621
6694	13138
5647	13068
7637	11410
7369	11862
8443	13137
6258	11735
8737	13502
7738	12828
8596	13312
9055	12895
8996	13234
8159	13935
9279	14432
8829	11207
3112	10156
8416	14082
8447	13391
8391	11755
9219	14330
6874	13848
8897	12871
8826	13643
8443	14780
8658	12984
9404	15041
8033	14005
7479	13746
8749	14372
8168	14179
9523	25768
8402	13576
9269	13661
8356	12653
8813	13124
8961	12475
8722	13584
8234	14083
8771	14120
4371	11956
9480	14321
8370	13324
8314	13379
9004	14237
9043	13459
8646	12262
9377	14497
9038	13533
9234	14699
8835	14225
8531	12932
7712	13046
9328	13480
9053	13649
8366	12132
7781	11414
6875	14030
9640	14578
9030	13573
7766	13769
7916	12655
9461	13971
9035	14391
8498	13269
5984	10862
9090	13111
8974	13384
9076	13256
8684	14322
9193	14248
8854	13565
5155	10363
8463	13370
7721	13379
8104	12887
8435	13229
8004	13476
8961	12404
8156	13709
8034	13540
8545	14159
5250	11262
7514	12776
7803	13615
8784	13736
8673	12754
8836	14433
8818	13434
8478	12671
8712	12289
9165	13095
8549	12080
8117	13021
8692	14011
4812	12277
8499	13164
9758	13599
8212	13251
8637	13612
8583	12626
8658	13334
7413	12347
9060	14207
4812	13787
6155	13224
8047	13512
6162	12177
4896	10969
6414	12596
8360	12955
4873	9233
7223	12716
8788	13189
8909	13777
7959	14680
8682	14300
6615	13235
9356	13491
8760	12831
7813	13233
5103	13253
7429	11677
8670	13929
8306	12705
5848	13863
6171	10620
5382	12135
3403	11582
4095	13108
8758	14532
9064	12324
9363	13739
9285	13914
9002	14500
9044	14559
9041	14207
8723	14361
8490	14517
8993	14311
9201	13866
7226	11529
6291	13164
9317	11501
8926	14008
4910	11025
8031	14101
8579	13466
8724	13515
7161	13411
8837	14108
7618	11814
6448	12547
8006	12233
8205	12252
9061	14240
7334	12670
8342	13804
9339	13682
7009	12298
8974	11354
9082	14841
8806	13786
8796	13757
8015	13267
8224	13357
7406	14203
9868	14131
9272	14370
5697	12393
7726	12551
8876	14198
8149	13976
8342	13498
8532	13003
8594	11672
8666	10488
9229	14227
7513	12891
7111	14078
8736	13520
8381	12674
6498	13305
7499	13027
8248	12633
8584	13614
8788	12964
6796	13698
8792	13210
5690	10759
5994	11202
7239	12349
9138	14306
7121	13355
9201	14438
9472	14899
8860	12482
7848	12566
8783	13227
8772	14190
8915	13696
8664	13963
4942	12783
8116	14646
8458	13470
9192	14395
6708	13036
7999	13076
7649	13587
7104	13792
5454	13031
9196	13492
9228	12971
8901	14343
8415	13246
7866	12753
8360	12863
9381	13925
6433	12438
8698	14315
8379	14391
8003	13688
7024	11733
9457	12639
9048	14816
7067	12296
7830	14710
8488	13532
8164	13584
9077	13523
8346	13062
8702	12630
8597	13527
9245	13560
8400	13700
7693	12426
8447	13264
6631	14749
8815	13346
7751	14451
8131	13113
7987	12080
3976	12154
8672	12802
8562	12846
6498	11453
7398	12805
8734	14484
8600	13014
9128	13368
8461	14188
8462	13393
9566	15074
9301	14022
8524	13457
8418	13390
8056	12888
5724	12744
8992	15150
8504	14106
8220	13211
5151	11235
8421	13455
7212	12291
7807	12985
4771	12822
9005	13744
7178	13978
8134	13707
8634	14121
6746	13365
8886	14560
9069	13546
5163	12929
8695	13938
9155	13712
8595	13324
8703	14305
4153	12971
8957	14192
8792	12871
7146	12395
9458	14172
7995	13281
4070	10070
8415	14075
9092	14132
4261	12868
8773	14158
9093	14264
8932	14704
8543	12947
8430	13299
5754	10669
8336	13342
5727	12341
9201	13621
9165	14829
8840	14652
9080	15160
7334	11155
8594	14152
6863	12249
9231	13847
8461	13518
8956	12713
6942	12618
8787	14543
8849	13427
8728	13716
8500	13425
7720	13655
8153	11012
9023	14614
9316	15251
8352	14000
6297	10749
5155	9539
9038	11321
7220	13220
8512	13573
8624	14312
9137	13523
8923	11779
8791	15596
9120	13933
7799	12942
8918	13618
9134	13053
9414	15537
9096	13821
9104	54764
7724	12852
4837	11650
8458	13012
7638	13055
8091	13112
6432	12203
9012	13588
8761	14328
8840	12942
8680	14438
8845	13249
9024	14225
6726	10940
6889	13089
8577	15260
7312	15097
9056	14652
9429	15498
8981	13024
6332	13053
8554	13041
7306	12757
8723	13529
8395	14282
7332	13488
9287	14258
8345	14848
7579	13732
6774	12713
9595	14218
8150	12157
8775	13032
7857	12412
7992	12779
5986	12739
7148	13432
9321	14586
9149	14455
8313	12626
8590	13982
8534	16337
8531	13745
8156	14284
8802	14358
8686	14251
4634	11063
9276	13657
8088	12737
8038	12926
9263	14271
3763	13731
8119	13660
8941	14130
8053	12784
8533	12736
5914	10838
9501	13347
8684	14274
7864	14135
6752	13557
7273	14091
9091	13956
8890	12136
8991	14657
6248	12642
6584	12677
8853	14877
6963	12627
8811	12670
9490	14603
8664	14958
8032	13830
7685	13587
9218	13639
8498	13497
8915	14089
8428	14264
8439	14403
9004	14058
9216	12744
7430	12180
9297	13532
6528	12846
8545	13380
9557	13896
8676	13227
9176	12122
8325	14353
6795	11912
9358	14292
7223	12493
7164	11253
5531	12781
9162	13934
9193	13291
8042	13686
8206	15629
9078	13012
9246	14742
8270	13985
7718	12844
9398	15722
8907	14070
7991	11739
7463	13398
8335	11612
8357	13205
8393	12757
9427	13293
8114	13681
6902	11123
8475	13572
8725	13773
7419	12847
8075	14109
9549	15669
9011	13943
8651	13646
9486	13332
8717	13892
7591	12997
8638	13951
7640	13687
8968	12621
8743	14131
8493	13879
5531	9299
7885	12830
8820	14036
7879	14522
9250	13381
6176	12203
9013	13675
8816	14860
9203	15199
4769	11663
8165	12936
9303	14685
9088	12465
8660	14202
9237	15345
8184	12880
7611	13397
6321	11899
7539	12504
6910	11736
7074	12825
8880	13682
9191	13850
8117	13261
7244	10637
8696	13845
7880	13357
9377	14092
8654	13327
8157	13743
8576	12306
5763	11748
8486	14933
8066	11786
6002	12907
4378	10103
8171	12088
4447	11481
9430	15370
9564	15718
9158	13374
9077	13731
5889	10450
8501	14896
8716	12612
8905	13015
8738	14202
9330	14234
7834	12253
8785	13662
9323	14566
8769	11302
6023	13556
4323	12140
9130	13477
8871	13325
9307	14351
5364	14155
8857	13380
8396	12109
8176	12754
8802	13174
8222	13801
8828	14646
8817	11366
7966	12641
7111	13442
7458	11708
5383	13592
9476	13338
8308	13747
8846	14440
8481	14903
9183	14722
8692	14313
8879	14067
8786	12351
8783	13116
9526	14402
6242	10689
8803	12318
7856	13882
8782	14374
6405	11738
7436	12806
8247	12179
8442	12505
8453	12491
9215	14450
9444	13563
7778	13407
7081	12007
8575	12419
7875	12753
6136	12385
8013	13194
8993	13822
8433	14781
8441	13893
6982	11487
9266	13961
9063	15043
8975	13842
9296	13472
8398	13186
6213	10773
8339	12836
8951	14372
8272	12917
7980	13852
7578	14526
8325	12934
8729	14041
8469	12343
7512	11921
5987	11550
6226	12388
7297	14443
6102	12568
8835	13226
5432	11785
8541	15070
7428	12045
6376	11589
9090	13096
8419	12710
8047	13904
8671	14899
3853	10180
8557	11113
8293	14162
9492	13881
8228	13427
9017	13138
7944	13082
4606	11132
8421	13223
9033	12351
8499	13008
9308	14729
7755	12100
8859	14640
8172	13076
9432	14005
8913	13112
9445	15110
8005	12723
7753	13599
9464	13560
7506	13321
9285	13749
8190	14396
7378	11810
5878	13694
8948	15039
8329	14417
8444	12655
8840	14097
8758	13177
8297	13420
5987	11554
8948	14342
8244	13463
8659	12864
8982	13242
8687	13757
9085	16019
6206	13718
8503	14182
8222	14570
8660	13529
5890	12052
9044	15441
6844	12575
9112	13872
7887	14060
8944	14153
8203	13490
5109	11439
8840	13817
8624	13271
7754	13042
7349	13264
7677	13247
8546	14049
8799	13730
5158	10757
8417	13307
8539	12742
6900	12937
9181	14025
8460	12298
9226	14095
6839	9879
9361	14471
7901	12743
8032	12746
8710	13378
8650	15248
9491	11863
5159	12455
8492	13476
9296	13792
7255	13508
8667	13879
9315	14473
6301	12280
8498	13736
7634	13552
4357	12500
8702	13828
8406	13802
8462	13665
8538	15066
4933	13383
8790	12613
9388	15329
9017	13537
9429	14984
8497	12740
9051	13387
8564	13169
8061	12120
9110	12846
8782	13563
8261	13349
7710	13795
6890	12157
8854	13106
9242	14384
5986	11267
7289	13675
8801	13493
8615	13183
8220	13448
7992	13411
9009	15093
7563	13119
6976	12773
9322	13318
8607	13675
4274	11880
9130	14243
7823	13006
8013	12484
8963	14334
4945	11324
8369	13895
8401	12263
8488	14350
8029	13373
8727	13473
8725	14362
8782	13181
6680	13631
8587	13670
6240	12946
7389	13411
9308	12634
8831	13628
8301	12924
9117	14066
9450	14147
6233	12122
8061	12839
7885	13282
9171	13772
9362	13868
8232	12584
7386	14890
8286	13660
8914	13772
9144	13310
8814	13302
8393	13809
8925	15066
8773	13265
8594	14433
8745	14263
8843	14097
6858	13006
6377	12800
7950	13170
9132	13538
7227	15750
7683	12423
8841	15071
8415	13541
5264	13802
9203	15655
8921	14282
9106	14350
8185	13481
9204	14953
8669	13555
5156	11619
8234	13582
8830	14803
7009	13388
4625	12735
6637	13375
8746	13983
6252	12802
8355	12945
9017	15641
8637	14414
8762	14070
7228	14313
9154	14242
8325	13609
8657	12602
8076	13521
8931	13555
6603	12065
8773	13396
6215	12950
8584	12670
8942	13648
6948	13241
9142	14224
8471	13180
8676	13099
8482	13393
8926	12815
5241	11362
9123	13938
7843	14087
8554	13956
9454	14247
8946	13845
8844	14867
9049	13410
9315	14486
8504	12645
8115	12948
7885	13205
5762	12237
8656	14013
8054	10359
9310	13989
8408	11773
6873	13151
9008	13613
8157	13452
5449	12010
5549	11377
9164	13164
9525	14134
8777	13671
8534	13511
6725	12974
5460	11887
8560	13614
8282	13045
4530	11562
8472	13654
8496	13085
9304	14386
8647	14774
9143	14299
7073	12560
8599	13592
7745	12744
8528	13320
9178	14174
9242	16872
8194	13184
9626	11843
8955	15240
8091	12491
7847	14411
7125	13040
5423	14409
8506	13652
8615	12973
9125	13938
9457	14621
8651	13989
8487	12773
8473	12180
8194	14178
8615	13193
8565	14903
3596	12946
8503	13172
7821	13672
7436	12960
6878	11555
9161	13890
8407	13422
8944	13550
8065	14319
5862	13083
8212	13919
7113	13263
8160	13244
9367	13219
8676	12985
9152	12985
9246	14518
9282	13274
8702	11826
9220	15180
8433	12733
4390	12541
2621	13277
6326	11744
9014	14211
8223	13288
9054	15215
8154	13325
7345	13191
9048	13021
7700	13250
9372	13972
6377	13130
8299	13761
7987	11880
8283	13248
8631	13665
9047	13703
8598	13694
9024	14423
8615	14600
8091	13488
8408	14057
6870	12771
6641	13023
6061	11880
8406	15406
5395	12301
6467	12588
8573	13143
9141	13056
9521	14465
8750	13186
7501	13795
5121	10911
9527	13769
8611	13935
8937	13604
8569	14185
8818	14205
9256	14132
8744	13689
6803	13074
8592	14187
