0	0	12	653
0	1	12	455
0	2	12	506
0	3	12	426
0	4	12	415
0	5	12	421
0	6	12	425
0	7	12	467
0	8	12	412
0	9	12	417
1	0	0	2114
1	1	0	1693
1	2	0	1673
1	3	0	1684
1	4	0	1655
1	5	0	1654
1	6	0	1676
1	7	0	1666
1	8	0	1689
1	9	0	1660
2	0	65	2110084
2	1	65	2111224
2	2	65	2116190
2	3	65	2111173
2	4	65	2111581
2	5	65	2111022
2	6	65	2111031
2	7	65	2110298
2	8	65	2110847
2	9	65	2110944
3	0	0	613
3	1	0	482
3	2	0	422
3	3	0	420
3	4	0	415
3	5	0	414
3	6	0	412
3	7	0	413
3	8	0	403
3	9	0	401
4	0	956	833774
4	1	956	832461
4	2	956	832215
4	3	956	834114
4	4	956	833546
4	5	956	833705
4	6	956	832506
4	7	956	831840
4	8	956	831740
4	9	956	1143866
