0	0	980	21287572
0	1	980	21262697
0	2	980	19438202
0	3	980	25571783
0	4	980	25578313
0	5	980	25560535
0	6	980	25580888
0	7	980	25577790
0	8	980	19467241
0	9	980	19483585
1	0	29222	320266
1	1	29222	323201
1	2	29222	323470
1	3	29222	323449
1	4	29222	323319
1	5	29222	324280
1	6	29222	324205
1	7	29222	324671
1	8	29222	323886
1	9	29222	325023
2	0	4601	575308
2	1	4601	572385
2	2	4601	571786
2	3	4601	571904
2	4	4601	571951
2	5	4601	571832
2	6	4601	571606
2	7	4601	558950
2	8	4601	571325
2	9	4601	571632
3	0	654	3315607
3	1	654	3303291
3	2	654	3303996
3	3	654	3306720
3	4	654	3308841
3	5	654	3311139
3	6	654	3306738
3	7	654	3307464
3	8	654	3308581
3	9	654	3309094
4	0	302	142363
4	1	302	142968
4	2	302	142944
4	3	302	143017
4	4	302	142918
4	5	302	142983
4	6	302	142948
4	7	302	142902
4	8	302	142831
4	9	302	143006
5	0	2342	5768
5	1	2342	5243
5	2	2342	5224
5	3	2342	5220
5	4	2342	5227
5	5	2342	5216
5	6	2342	5225
5	7	2342	5228
5	8	2342	5224
5	9	2342	5243
6	0	80	5241
6	1	80	4976
6	2	80	4963
6	3	80	4964
6	4	80	4969
6	5	80	4962
6	6	80	4962
6	7	80	4959
6	8	80	4982
6	9	80	4956
7	0	270	453719
7	1	270	453269
7	2	270	453451
7	3	270	453368
7	4	270	453353
7	5	270	453273
7	6	270	453787
7	7	270	453260
7	8	270	453030
7	9	270	453448
8	0	240	639
8	1	240	554
8	2	240	549
8	3	240	540
8	4	240	541
8	5	240	540
8	6	240	538
8	7	240	551
8	8	240	538
8	9	240	539
9	0	17492	129330
9	1	17492	130503
9	2	17492	130246
9	3	17492	130556
9	4	17492	130615
9	5	17492	130278
9	6	17492	130579
9	7	17492	130320
9	8	17492	130666
9	9	17492	131044
