0	0	12	907
0	1	12	436
0	2	12	426
0	3	12	427
0	4	12	453
0	5	12	418
0	6	12	422
0	7	12	417
0	8	12	413
0	9	12	415
1	0	4588	89491
1	1	4588	82361
1	2	4588	83586
1	3	4588	82797
1	4	4588	88990
1	5	4588	86185
1	6	4588	92425
1	7	4588	91640
1	8	4588	90837
1	9	4588	89867
2	0	65	555328
2	1	65	531203
2	2	65	535738
2	3	65	732543
2	4	65	529463
2	5	65	506507
2	6	65	568088
2	7	65	507948
2	8	65	521864
2	9	65	563498
3	0	206	17070034
3	1	206	17745932
3	2	206	15608118
3	3	206	17019317
3	4	206	16074480
3	5	206	15180147
3	6	206	15375773
3	7	206	15794488
3	8	206	15815568
3	9	206	17964350
