0	0	12	935
0	1	12	419
0	2	12	410
0	3	12	403
0	4	12	403
0	5	12	398
0	6	12	405
0	7	12	398
0	8	12	396
0	9	12	396
1	0	4588	112838
1	1	4588	110500
1	2	4588	107323
1	3	4588	113037
1	4	4588	113356
1	5	4588	114842
1	6	4588	117352
1	7	4588	110144
1	8	4588	107743
1	9	4588	108975
2	0	65	2280789
2	1	65	2317672
2	2	65	2154495
2	3	65	2143211
2	4	65	2106947
2	5	65	2169639
2	6	65	2090700
2	7	65	2089711
2	8	65	2150736
2	9	65	2165993
3	0	206	68705
3	1	206	68330
3	2	206	69169
3	3	206	66511
3	4	206	65126
3	5	206	71518
3	6	206	52995
3	7	206	71292
3	8	206	51449
3	9	206	52429
4	0	956	850081
4	1	956	873184
4	2	956	868085
4	3	956	828214
4	4	956	865004
4	5	956	866629
4	6	956	864203
4	7	956	889620
4	8	956	862879
4	9	956	876687
