0	0	12	467
0	1	12	487
0	2	12	470
0	3	12	469
0	4	12	475
0	5	12	485
0	6	12	468
0	7	12	472
0	8	12	468
0	9	12	489
1	0	4588	83739
1	1	4588	88599
1	2	4588	88309
1	3	4588	85351
1	4	4588	86355
1	5	4588	87348
1	6	4588	86990
1	7	4588	88722
1	8	4588	88921
1	9	4588	88613
2	0	65	486890
2	1	65	549591
2	2	65	505897
2	3	65	485888
2	4	65	596505
2	5	65	484793
2	6	65	535873
2	7	65	454964
2	8	65	487339
2	9	65	469056
3	0	206	46400
3	1	206	49848
3	2	206	49887
3	3	206	46793
3	4	206	46514
3	5	206	49148
3	6	206	49480
3	7	206	46110
3	8	206	49015
3	9	206	47935
4	0	956	888708
4	1	956	867459
4	2	956	874638
4	3	956	864717
4	4	956	875023
4	5	956	849076
4	6	956	968605
4	7	956	859942
4	8	956	868964
4	9	956	853319
