0	0	12	1471
0	1	12	463
0	2	12	417
0	3	12	412
0	4	12	408
0	5	12	402
0	6	12	399
0	7	12	404
0	8	12	433
0	9	12	406
1	0	4588	112737
1	1	4588	109103
1	2	4588	124132
1	3	4588	105553
1	4	4588	105840
1	5	4588	106585
1	6	4588	108521
1	7	4588	105809
1	8	4588	105603
1	9	4588	107315
2	0	65	2322120
2	1	65	2347041
2	2	65	2289671
2	3	65	2259643
2	4	65	2163353
2	5	65	2185795
2	6	65	2169752
2	7	65	2158181
2	8	65	2175433
2	9	65	2175094
3	0	206	69282
3	1	206	48098
3	2	206	48287
3	3	206	72290
3	4	206	56824
3	5	206	51783
3	6	206	60510
3	7	206	49153
3	8	206	51689
3	9	206	53500
4	0	956	857243
4	1	956	849849
4	2	956	837968
4	3	956	849740
4	4	956	938981
4	5	956	886554
4	6	956	941624
4	7	956	884467
4	8	956	860685
4	9	956	850872
