0	0	12	962
0	1	12	431
0	2	12	425
0	3	12	462
0	4	12	419
0	5	12	415
0	6	12	410
0	7	12	411
0	8	12	411
0	9	12	410
1	0	4588	88763
1	1	4588	82256
1	2	4588	83230
1	3	4588	82185
1	4	4588	83081
1	5	4588	82516
1	6	4588	86000
1	7	4588	88923
1	8	4588	84131
1	9	4588	83326
2	0	65	571487
2	1	65	364009
2	2	65	339464
2	3	65	380236
2	4	65	362103
2	5	65	334630
2	6	65	507619
2	7	65	412623
2	8	65	335912
2	9	65	310323
3	0	206	12640438
3	1	206	11838032
3	2	206	11746074
3	3	206	11148725
3	4	206	12290720
3	5	206	11427893
3	6	206	10595833
3	7	206	10459418
3	8	206	10654138
3	9	206	10980977
