0	0	12	395
0	1	12	399
0	2	12	395
0	3	12	401
0	4	12	402
0	5	12	395
0	6	12	395
0	7	12	395
0	8	12	415
0	9	12	392
1	0	4588	76814
1	1	4588	75660
1	2	4588	76594
1	3	4588	78191
1	4	4588	86159
1	5	4588	85582
1	6	4588	85926
1	7	4588	85336
1	8	4588	75606
1	9	4588	83078
2	0	65	311430
2	1	65	319268
2	2	65	321695
2	3	65	324796
2	4	65	313971
2	5	65	343772
2	6	65	329817
2	7	65	342314
2	8	65	357698
2	9	65	306321
3	0	206	59032
3	1	206	58278
3	2	206	68592
3	3	206	70359
3	4	206	59135
3	5	206	69696
3	6	206	72281
3	7	206	76398
3	8	206	73268
3	9	206	73182
4	0	956	877846
4	1	956	910552
4	2	956	923736
4	3	956	861744
4	4	956	856322
4	5	956	909957
4	6	956	892831
4	7	956	853019
4	8	956	867830
4	9	956	900484
