0	0	12	658
0	1	12	556
0	2	12	492
0	3	12	483
0	4	12	483
0	5	12	479
0	6	12	483
0	7	12	482
0	8	12	512
0	9	12	478
1	0	0	7856
1	1	0	6526
1	2	0	6407
1	3	0	6407
1	4	0	6389
1	5	0	6403
1	6	0	6419
1	7	0	6422
1	8	0	6404
1	9	0	6431
2	0	65	2121181
2	1	65	2127478
2	2	65	2127354
2	3	65	2126715
2	4	65	2127020
2	5	65	2122258
2	6	65	2128173
2	7	65	2126802
2	8	65	2127484
2	9	65	2127120
3	0	0	621
3	1	0	497
3	2	0	416
3	3	0	387
3	4	0	400
3	5	0	393
3	6	0	387
3	7	0	384
3	8	0	382
3	9	0	382
4	0	956	834353
4	1	956	834929
4	2	956	835011
4	3	956	837405
4	4	956	841193
4	5	956	834424
4	6	956	834528
4	7	956	838048
4	8	956	833789
4	9	956	833624
