0	0	12	725
0	1	12	465
0	2	12	514
0	3	12	417
0	4	12	442
0	5	12	414
0	6	12	416
0	7	12	411
0	8	12	409
0	9	12	410
1	0	0	3834
1	1	0	2930
1	2	0	2937
1	3	0	2923
1	4	0	2942
1	5	0	2936
1	6	0	2920
1	7	0	2930
1	8	0	2956
1	9	0	2949
2	0	65	2120577
2	1	65	2967271
2	2	65	3003476
2	3	65	3002593
2	4	65	3002818
2	5	65	3004426
2	6	65	3001105
2	7	65	3002393
2	8	65	3005214
2	9	65	3006765
3	0	0	784
3	1	0	509
3	2	0	422
3	3	0	440
3	4	0	423
3	5	0	418
3	6	0	416
3	7	0	421
3	8	0	413
3	9	0	416
4	0	956	1092960
4	1	956	1093484
4	2	956	1092432
4	3	956	1093602
4	4	956	1094108
4	5	956	1092398
4	6	956	1092463
4	7	956	1093311
4	8	956	1094582
4	9	956	1093350
