1024	1138
322	1117
1634	1495
1132	1334
1159	1227
761	1125
1141	1358
1435	1476
1687	1777
1732	1744
1219	1688
1203	1431
1153	1490
1348	1291
1279	1369
779	1036
989	1175
1559	1504
859	1154
941	1731
1692	1734
1015	1264
1410	1397
972	1040
1035	3306
1649	1633
1534	1502
981	1038
977	1121
1234	1268
1802	1341
1444	1395
1690	1708
1540	1536
979	1183
1612	1616
1519	1398
1699	1421
975	1270
1295	1466
1072	1359
1590	1734
1247	1221
1004	1232
253	1132
908	1085
921	1138
1453	1496
961	1159
532	1061
1131	1151
795	939
1933	1652
1165	1240
1342	1251
1693	1645
648	1026
1454	1453
755	1060
966	1178
994	1348
1737	1777
869	1094
766	1230
1874	1812
681	1069
1458	1763
1131	1291
955	1139
946	1177
1032	1309
1733	1513
972	1019
1530	1669
1078	1325
1150	1327
1045	1172
1265	1265
761	985
999	1240
1676	1794
900	1212
498	1218
1590	1545
1189	1232
1033	1075
1405	1442
1163	1352
1251	1336
1674	1872
1290	1359
766	1050
1637	1606
1281	1605
1187	1310
1151	1172
1343	1407
979	1178
1059	1216
1220	1228
1768	1752
947	924
1569	1752
1073	1191
1090	1088
831	1297
1068	1082
1030	1067
1042	1242
1097	1324
1201	1310
1736	1849
1244	1491
1209	3259
1775	1576
981	1035
1870	1826
722	1140
1319	1353
1003	1259
1450	1490
1664	1531
1759	1821
1055	1274
1226	1435
1036	1196
1131	1248
1242	1717
1258	1355
1672	1424
1634	1596
1559	1590
913	1108
726	1066
1513	1443
1085	1220
1596	1598
1802	1738
1110	1142
982	1206
1413	1271
1429	1941
1193	1201
1210	1162
1030	1201
1557	1947
911	1172
1328	1649
692	1080
1545	1660
1171	1226
1161	1224
1024	1088
1597	1672
1295	1301
1582	1807
719	1089
807	938
1410	1235
1353	1437
1012	1088
1449	1627
1256	1551
1270	1517
1116	1419
1470	1500
1065	1383
1726	1665
1153	1330
1108	1288
1218	1359
1039	1118
953	1215
1228	2042
936	1137
1377	1367
1082	1151
1105	1160
1069	1109
1087	1185
1205	1310
763	1062
1119	3228
955	1120
784	1092
1115	1371
1622	1660
1957	1801
1494	1449
1125	1378
1678	1725
522	1161
780	1624
1468	1604
1151	1311
1212	1366
1535	3293
810	1289
1495	1593
1148	1332
1149	1327
969	1246
1339	1320
973	1261
1155	1378
1056	1229
995	1580
861	1140
1440	1599
1479	1452
1209	1318
1287	1217
1037	1180
1315	1334
1283	1392
1044	1145
1628	1636
1236	1561
590	1110
1220	1478
1201	1252
964	1115
1205	1377
1449	1401
1044	1431
1280	1408
1111	1235
1058	1166
1361	1346
1005	1321
1726	1760
1819	1774
1556	1579
1106	1309
997	1123
1318	1372
856	1387
1017	1501
986	1200
1744	1739
1670	1738
1394	1553
649	1375
1274	1369
1440	1552
1017	1227
1004	1083
1363	1444
1358	1352
1312	1449
1041	1130
1029	1142
1223	1585
1134	1412
1000	1146
792	1177
1437	1634
1408	1377
1185	1250
1788	1860
1367	1532
817	1104
1067	1141
1889	1871
1836	1780
1162	1186
1501	1752
1829	1757
958	1258
879	953
1722	1734
1130	1254
1003	1145
974	1007
1005	1299
1609	1564
1054	1204
1493	1711
1102	1245
1034	1248
1045	1109
1334	1371
1145	1300
618	1114
1846	1844
1389	1379
1619	1618
690	1369
1631	1622
949	1028
872	1375
1123	1205
1295	1297
728	1211
1789	1572
1074	1259
1223	1411
1091	1278
1102	1258
1367	1439
1372	1303
1139	1316
1020	1337
970	1295
1188	1486
959	1186
908	1238
1657	1822
717	1303
1525	1529
1437	1673
953	1154
877	1144
772	1004
1590	1573
826	1125
1702	1633
1927	1938
1815	1766
1036	1294
1291	1324
1775	1733
1501	1467
1098	1167
1222	1257
1504	1477
1175	1471
1029	1113
1263	1429
1096	1347
1168	1271
1092	1345
1285	1670
1733	1641
1341	1445
1533	1527
1541	1716
1523	1647
1127	1330
1058	1238
1031	1349
1727	1776
488	1242
1356	1397
1587	1525
811	1173
1195	1251
1070	1215
1078	1184
515	979
929	1084
922	1231
664	1405
1242	1393
1084	1177
1238	1296
1182	1195
1436	1737
1124	1122
1597	1585
1045	1155
1469	1483
1416	1609
1711	1634
1314	1426
1246	1175
918	1446
1534	1587
1183	1188
1080	1350
983	1138
1592	1321
989	1612
1385	1596
1038	1121
1264	1293
1212	1091
1803	1694
1203	1375
1210	1611
999	1219
1744	1677
994	1102
1375	1493
1565	1464
1530	1543
1563	1463
1135	1202
1295	1402
918	1100
876	1359
1420	1518
1276	1322
1169	1399
504	1041
1374	1590
1141	1307
1334	1380
1100	1116
1848	1776
731	1066
1223	1399
1636	1725
1190	1323
1264	1320
1258	1362
847	1149
1049	1236
890	1142
722	1063
1373	1467
1378	1430
1381	1675
1398	1550
985	1253
1434	1583
1867	1849
1748	1814
1564	1551
1006	1063
1857	1987
1506	1470
1009	1302
1167	1368
874	1385
1066	1187
1449	1638
1500	1376
1083	1391
896	1118
1499	1713
1404	1490
1198	1407
1356	1477
1424	1577
1734	1750
1284	1273
1430	1352
997	1149
1465	1600
1481	1576
1418	1404
1367	1409
1197	1313
1867	1954
1560	1555
1306	1601
1302	1391
1483	1473
1208	1332
1404	1408
1642	1573
1548	1666
987	1563
1198	1304
902	1166
664	978
1753	1794
1141	1146
1041	1195
1091	1158
1193	1172
1078	1334
1137	1254
1298	1241
1119	1385
916	1137
1482	1491
1786	1688
1000	1249
1252	1249
1536	1491
1225	1296
884	1808
1178	1493
1134	1308
1380	1479
1029	1335
1006	1218
968	1342
1288	1423
1461	1742
1227	1272
1735	1559
1184	1355
1256	1362
1054	1187
1500	1672
1465	1404
1359	1379
1557	1494
1605	1798
1421	1446
1708	1642
843	1300
1439	1569
1498	1549
1403	1678
1441	1445
1211	1259
1609	1671
1393	1419
1663	1795
1012	1246
579	1080
1410	1333
1787	1942
1058	1409
1940	1750
924	1027
945	1101
996	1096
1088	1403
1681	1642
1458	1698
1167	1347
1155	1103
1249	1306
1900	1958
777	1086
1669	1646
1323	1471
792	993
962	1161
1183	1462
1354	1367
958	1161
1255	1553
949	1195
1313	1322
1718	1680
1313	1446
1569	1492
1280	1374
1198	1694
1041	1157
861	1174
1541	1804
733	1120
1301	1279
822	1249
1151	1330
1359	1580
1414	1438
1433	1474
1660	1740
1020	1242
1207	1396
835	1122
1789	1847
1696	1714
915	1124
919	1215
1349	1425
1403	1451
1328	1482
996	1131
1799	1646
1225	1281
1512	1680
970	1129
1637	1590
870	1313
1382	1501
1069	1171
1241	1322
1294	1525
1025	1273
963	1141
1112	1142
1588	1697
1535	1654
1623	1606
1921	1895
1176	1381
979	1270
1400	1417
1072	1276
1552	1678
990	1150
1030	1186
956	1155
1109	1315
884	1206
965	1171
1001	1507
822	1067
868	1017
970	1223
969	1175
1059	1090
1099	1443
1136	1257
1003	1095
1038	1200
984	1150
1128	1290
1427	1462
1107	1265
1146	1249
666	1629
1631	1623
1757	1694
1479	1898
1119	1195
1706	1595
1427	1591
1548	1460
1257	1359
1444	1450
1394	1407
1495	1484
1291	1547
651	1537
1383	1489
1079	1196
1227	1411
1487	1652
1754	1604
1617	1584
856	1163
1414	1430
645	1111
779	1092
1620	1649
930	1118
1947	1753
1147	1222
963	1207
1071	1264
1342	1363
1141	1318
876	1234
1214	1518
1047	1340
1369	1384
962	1190
1610	1667
1343	1471
978	1202
1641	1813
1112	1136
1812	1701
617	1040
1971	1688
853	1069
1660	1664
1368	1675
1124	1222
1088	1175
907	1185
1707	1798
1452	1368
1573	1747
1434	1437
878	1030
1114	1101
1278	1455
1438	1469
1637	1719
1075	1175
1579	1536
1452	1514
1066	1118
958	1052
1253	1303
1580	1561
1385	1615
1723	1709
840	995
1324	1408
1734	1674
1578	1676
538	907
1354	1671
1138	1289
1247	1508
1792	1677
986	1085
1182	1437
861	865
802	1128
845	1286
1134	1201
1237	1433
1818	1770
982	1112
1279	1524
1341	1415
1077	1262
1553	1473
1112	1331
1059	1093
812	1038
1497	1472
872	995
1198	1754
1542	1554
1241	1176
1139	1141
1383	1483
1323	1380
1272	1612
1400	1491
1161	1290
899	1126
1101	1553
1200	1282
1296	1465
1035	1210
625	1147
1475	1552
1571	1860
1447	1598
1632	1750
1071	1060
699	1073
1169	1364
1028	1105
1134	1319
970	1218
1180	1360
1135	1217
1028	1049
1546	1652
1223	1687
1247	1433
963	1121
1900	2050
1114	1344
1328	1326
1593	1539
1133	1163
1141	1250
1020	1189
1203	1419
1006	1160
1036	1100
966	1041
1160	1288
1575	1495
1038	1202
877	983
1034	1227
1105	1193
1273	1495
1091	1349
1768	1737
1640	1641
1750	1981
1593	1808
1550	1581
993	1056
1310	1395
1131	1313
1140	1266
1248	1350
1793	1895
925	1127
1504	1584
1327	1294
1013	960
1486	1364
1228	1220
1008	1184
1644	1806
1468	1437
1097	1099
1377	1543
1724	1717
1118	1417
1311	1301
1907	1928
1536	1356
1220	1242
1105	1121
719	1196
912	1103
979	1117
1889	1908
1009	1145
1028	1068
798	1169
1783	1614
1072	1228
927	1171
837	1066
1241	1422
999	1148
1004	1061
1504	1572
1636	1609
1355	1631
959	1168
1075	1266
1178	1288
1473	1554
1024	1274
1542	1549
1466	1464
1017	1338
1674	1649
1297	1342
1267	1234
837	1076
426	1592
1630	1614
1207	1440
1694	1847
1774	1877
1459	1446
1067	1155
755	1108
1243	1364
1112	1027
1199	1278
1214	1406
1454	1585
1149	1269
1079	1229
1240	1450
1527	1628
1801	1757
978	1205
1448	1467
1299	1311
1073	1160
1398	1483
893	1407
1073	1150
1168	1145
1578	1773
733	985
1389	1914
733	1059
930	1135
1642	1705
1684	1712
1240	1271
1131	1315
1020	1313
936	1318
1316	1225
1547	1535
1623	1690
1016	1206
1155	1313
965	1109
1132	1275
808	1181
977	1122
1244	1246
1032	1161
1606	1687
1141	1318
1536	1591
1243	1468
1692	1757
1057	1188
1476	1623
1422	1698
1444	1500
1357	1791
1069	1442
1132	1284
976	1128
878	1056
1159	1280
875	1017
1544	1632
1144	1354
1373	1377
1046	1144
1206	1252
1029	1162
1538	1473
1145	1327
562	1142
1367	1450
994	1092
968	1561
1499	1610
1557	1774
1412	1689
1164	1283
1181	1301
1020	1275
1036	1149
1086	1240
1209	1211
1012	1343
954	1107
671	968
1161	1139
835	1494
1479	1558
1515	1489
1354	1457
1478	1461
1429	1527
1660	1585
1143	1353
1884	1779
1466	1433
1568	1597
1148	1334
1516	1696
311	1131
983	1525
1091	1534
953	1117
1281	1513
1493	1653
1119	1521
523	1168
1850	1791
1306	1685
1584	1475
1735	1577
1023	1097
1154	1242
721	1148
1559	1365
1623	1757
506	1762
1625	1715
1051	1167
893	1328
1314	1789
852	987
1223	1504
1235	1162
1649	1796
1140	1465
1865	1904
992	1271
1745	1717
976	1055
1438	1480
1728	1654
1166	1345
1128	1155
1133	1397
1458	1452
597	1551
1870	1788
1199	1324
933	1693
1490	1667
1066	1180
1048	1182
1517	1464
1259	1487
1399	1637
1104	1239
854	1101
1665	1642
973	1088
1758	1766
1615	1746
1295	1420
1096	1221
1033	1341
1130	1304
1181	1254
1050	1554
1028	1299
899	1518
1167	1190
1136	1400
830	1189
1008	1093
1005	1524
769	1150
805	1173
1274	1778
1038	1350
882	1068
1573	1538
1015	990
1346	1578
1002	1356
1042	1301
1840	1762
1716	1606
936	1047
1059	1129
1779	1788
1063	1314
1360	1404
1661	1604
1649	1676
1354	1523
994	1223
1557	1524
1315	1376
1229	1424
1518	1482
1431	1345
776	992
2368	2369
2709	2367
2060	1977
2135	1941
1915	1857
1941	1946
2088	1887
2099	2089
1762	1985
1751	1940
2365	2399
2013	1954
2172	1912
2117	2044
2695	2358
2109	1989
2279	2398
1896	1883
2453	2228
2372	2682
1725	2097
1984	1954
1432	1617
1887	1888
2216	2237
2212	2021
2121	1794
2326	2086
2240	2307
1660	2309
2084	2431
2231	2484
2370	2256
1991	1988
2518	2438
1981	1929
2324	2220
2122	1962
2590	2238
2860	2559
2131	2036
2145	2128
1911	1995
2468	2282
2029	2185
2933	2882
1621	1768
1910	2035
2679	2439
1957	2000
2425	2268
1905	1702
2220	2044
2379	2123
1692	1604
2391	2212
2536	2606
2066	1905
2232	2255
2624	2515
2317	2210
1688	1905
2131	2048
2139	2174
2242	2276
2667	2519
2298	2108
2447	2329
1825	2249
1830	2160
2857	2589
2100	2075
1883	1977
1721	1688
2834	2648
2761	2278
2180	2226
2654	2381
2488	2360
2376	2186
2020	1868
2301	2120
2387	2299
2419	2471
2348	2128
2546	2211
2332	2175
1290	2356
2673	2389
1901	1970
1925	2193
2218	2171
2205	2154
2678	2332
2168	2016
2206	2246
2158	1964
1981	1934
2521	2302
2763	2425
1874	2072
2313	2492
2095	2194
2868	2713
1981	2209
2875	2354
1836	1995
2319	2516
2042	2078
1754	2207
2013	2394
2668	2468
2586	2282
1777	1760
2536	2385
2155	2228
1714	1998
659	1531
1491	1618
2028	2088
2443	2077
1993	2169
1215	1892
2259	2406
2551	2441
2539	2322
1944	1824
2402	2579
2023	1771
2866	2681
2049	2064
1923	1986
2035	1866
1845	1839
2283	2281
2598	2451
2433	2390
2041	2017
2741	2485
1336	2333
2142	2159
701	1950
2452	2450
2435	2358
2239	2240
2658	2386
1894	1958
2544	2373
2265	2170
1522	2071
2042	1768
2127	2050
2245	1907
2150	2317
2417	2286
2078	2226
2141	2064
1401	1857
810	1812
1885	2103
2298	2149
1812	1925
2554	2361
1677	1816
2335	2280
2450	2449
2141	1977
1222	2271
2878	2433
2746	2629
2023	1940
2662	2573
2076	2030
1995	1926
2597	2430
2210	2198
2521	2176
1997	2065
1590	1631
2406	2441
1860	2102
2470	1993
1813	1803
1565	1891
2456	2216
2138	2049
2228	2239
2161	2142
2750	2633
2171	2196
1115	1821
1964	1929
1988	2031
2185	2040
2350	2172
2389	2248
2425	2159
2148	2276
2496	2208
2146	2203
2071	2034
2079	2379
1694	2363
1811	2043
2399	2113
2479	2174
2162	2161
2184	1941
2146	2345
1945	1957
2412	2018
1835	1974
1828	1489
2049	2023
1876	1991
2265	2088
2218	2228
2126	1875
2148	1967
2752	2976
1951	2067
2096	1979
2438	2182
2016	2014
2216	2017
2397	2352
2790	2559
2341	2220
2615	2573
1506	1841
2593	2277
2420	2066
1926	1874
2718	2589
2005	2175
2301	2261
2188	2099
1948	1943
2266	2340
1720	2064
2183	2383
1492	1747
2651	2341
2389	2393
2304	2171
2772	2389
2494	2255
2444	2307
2442	1948
2035	2094
2178	1884
1384	2025
2041	1988
1851	2026
2752	2717
2523	2378
1643	1765
2687	2605
2074	2167
2192	2236
2232	2023
2778	2426
2040	1915
1755	2136
1647	1819
2118	2109
1843	1994
1932	2328
2173	2173
2126	2017
1916	1834
2682	2570
2450	2135
2087	2224
2349	2537
2397	2183
2031	2084
1104	2150
2499	2166
1945	1923
1657	1806
2276	2085
1816	1981
1965	1916
2757	2605
2770	2580
2188	1989
2015	2637
1691	1967
2061	2195
2617	2409
2066	2235
1885	1984
2135	2085
2707	2529
1678	1772
2353	2337
2918	2660
1948	2028
2031	2360
2346	2260
2186	2175
1653	2029
2177	2044
1941	1964
2034	2027
2732	2359
1954	2232
1432	1860
2224	2360
1847	2177
2052	2139
2370	2257
1917	1765
2700	2602
2003	2543
2202	2497
1961	1941
1506	1774
2211	2253
2005	1958
2032	1964
1256	1633
2180	2174
2385	2189
1887	1918
1941	1907
1769	1934
2481	2428
2637	2557
2816	2327
2226	2020
2139	2043
2652	2447
2721	2433
2210	2247
2437	2277
1479	1972
2443	2529
2625	2617
2757	2505
2455	2086
2085	2195
2077	2048
1779	2024
2119	2174
2438	1855
2081	2001
2019	1829
2653	2641
2145	2247
1930	1811
2169	2236
2724	2271
2939	2539
2039	1976
1941	2174
2253	2085
2247	2125
2261	2111
2137	2165
549	1332
2257	1865
1631	2347
2477	2489
852	2319
2203	2200
1936	1879
1995	1918
2621	2391
2371	2280
2194	2117
2135	2175
1626	1816
2092	2118
2271	2426
1916	1956
2220	2347
2715	2559
2629	2456
1579	1658
2131	2142
2094	2071
1767	2391
2133	1754
2734	2459
2838	2679
2363	2351
2266	2081
2612	2365
2789	2434
868	1747
2301	2165
2030	2136
2629	2438
2495	2236
2090	2259
1952	1858
909	1972
2302	2509
2105	2114
1961	1846
1948	1931
1663	1972
2362	2252
2131	1758
2061	2002
1992	2085
1850	1860
2618	2588
2408	2335
1967	2145
1751	2184
1998	1737
2157	2263
1915	1653
1853	2051
2793	2396
2145	2686
2056	2122
2376	2382
2644	2424
2826	2546
1712	2497
2271	2322
1998	1887
2328	2579
1890	1909
2612	2366
2731	2472
1530	1770
2173	1771
2020	1984
2235	2079
1491	1829
2003	1832
2620	2756
2082	2014
2075	2017
1263	1862
2237	2476
2156	2252
2039	1988
2656	2502
2389	2430
2171	2018
2199	1941
2081	2139
2069	1984
2677	2539
2688	2555
2148	2164
2759	2203
1899	1944
2289	1998
2006	1906
2025	1684
2040	1985
1788	2197
1746	2196
2045	1836
2804	2630
2371	2117
1998	2173
2457	2186
1688	1983
2291	2407
2755	2493
2130	2337
2890	2398
1993	1946
2661	2419
2132	1998
1366	1755
1786	2041
1784	2150
1947	1934
2009	1907
2742	2369
2053	2234
2562	2503
2231	2020
2569	2634
1984	2263
2076	1894
1220	1668
2729	2540
2449	2255
1789	1858
2092	2016
1650	1797
2279	2105
1998	2126
2026	2264
2675	2515
2074	2207
2191	1976
2815	2314
2160	1998
2012	2202
1241	2163
2828	2888
2776	2689
2216	2156
1961	1998
1957	2412
2636	2680
1796	2011
2226	1886
2307	2219
2595	2275
2725	2767
1748	2003
1952	2144
1916	1890
2430	2584
2540	2544
2407	2193
2183	2226
2506	2188
1932	2038
1647	1765
2293	2339
2075	2205
2093	1988
1229	1781
2698	2658
1658	2095
2031	2040
2057	2349
1900	2403
2356	2264
2562	2539
2341	2301
2151	1973
2513	2336
2335	2171
2024	2121
1972	1925
2252	2130
1996	2101
2090	2316
1537	1772
2680	2509
2696	2683
2080	2267
2717	2400
1796	1994
2385	2146
2250	2240
1983	1968
1973	1955
2068	2162
2076	2055
2232	2590
1888	1996
1915	1849
1473	1800
2745	2467
2107	2193
2169	2002
2574	2386
2333	2566
2647	2577
2372	2461
2000	1888
2429	2288
2264	2156
2875	2434
2238	2005
2647	2480
2635	2479
2274	2163
1800	1823
1021	1679
2305	2226
1797	1882
2290	2072
1968	2064
2731	2347
1648	1740
2311	1880
1749	2044
2550	2492
2299	2333
2603	2598
2867	2632
2120	1796
2311	2368
2460	2341
2355	2242
648	1795
2206	2099
2246	2194
2358	2053
2431	2609
2453	2562
2267	2417
2326	2250
2081	2147
1528	1932
2111	2222
2438	2231
1681	1933
2040	2177
1512	2589
2391	2359
1599	1913
2092	1877
2135	2136
2247	2141
1657	2197
1130	1773
2737	2775
1380	1813
2708	2725
2490	2281
2497	2345
2508	2390
2518	2607
2152	2291
1833	2131
2155	1973
1003	1949
2213	2195
2850	2525
2059	2265
2597	2610
2844	2626
1627	2203
1733	1750
2197	2023
1990	1921
1689	1846
1952	2045
2041	2063
2428	2404
1624	1844
2007	2037
2120	2440
2164	2087
1963	1928
1900	1812
1937	1983
1916	1910
2143	2263
2166	2153
2494	2593
1383	1952
2219	1922
1813	2392
2099	2094
2158	2296
2042	2177
2310	2190
2005	1817
2483	2395
2938	2783
2348	2416
1634	1999
2413	2164
2327	2254
2431	2504
1225	2483
2319	2246
2099	2092
2918	2438
2091	1910
2202	2066
2465	2275
2828	2205
1807	2223
2538	2554
2149	1996
1803	2063
2191	2400
1737	2065
2772	2607
2420	2342
1727	1762
2389	2312
2347	2160
2256	2149
1822	1972
2298	2317
2302	1933
2652	2477
2789	2473
2056	2110
2145	1951
2088	2268
1847	1696
2491	2410
2488	2361
1622	2060
1633	2043
2303	2199
1979	2008
757	1597
2174	2096
2428	2781
1962	1961
2083	1933
2201	2345
1024	1794
2113	1931
1646	2109
1131	2013
1589	1516
1211	2133
2733	2543
2528	2262
2191	2452
2527	1864
2597	2452
1972	1772
2450	2499
2063	2134
2643	2463
1991	1961
1798	2049
2458	2274
1765	1573
2795	2536
2128	2333
2189	2197
2131	2406
1928	2049
2782	2911
2376	2817
1878	1872
2374	2322
1163	1813
2509	2475
2010	1975
2031	2101
1582	1708
2872	2833
2063	2019
2276	2356
1976	1834
2718	2593
2230	2292
1788	1796
2087	1906
1861	1832
2058	2065
2661	2386
2810	2587
1629	2175
2490	2434
1936	1934
2207	2186
2252	2200
1896	1656
2758	2667
1189	1515
1309	2167
2814	2587
2684	2326
1972	2066
1180	1799
1891	2012
2915	3219
1575	2084
1826	2051
2463	2305
2648	2439
1833	2275
1393	1632
1118	2017
2846	3184
2641	2601
2672	2721
2042	2055
2188	2046
2747	2367
2111	2106
2053	1919
2488	2473
2391	2049
2335	2191
1001	1805
2020	1818
2211	2168
2603	2487
2129	2187
2002	2014
1878	2231
2267	2189
1858	1922
1266	1947
2143	2130
1842	1992
2658	2587
1834	1710
2649	2555
2507	2535
662	1804
2133	2115
2302	2436
1002	1730
1430	1701
2075	2135
2591	2360
2156	2265
2050	1976
2567	2842
2567	2221
2871	2534
2396	2456
2457	2136
2438	2246
2031	1974
2043	2061
2121	2367
2244	2297
2797	2540
1967	1915
2681	2391
2481	2347
1791	2185
1661	2393
2337	2217
2387	2224
2541	2326
2624	2518
2192	2065
2507	2459
1524	1814
1155	1726
2547	2410
2095	2156
2018	1757
2349	2261
2434	2300
2201	2071
2839	2804
2046	1980
2110	1754
2313	2225
2299	1998
1487	2115
1521	1845
2136	2016
1929	1829
2812	2692
2553	2486
2415	2584
1936	1766
2276	2171
2481	2374
2025	2070
1984	2047
1824	1712
2474	2319
2051	1974
2491	2418
2596	2640
2361	2599
1550	1809
2679	2377
1600	2198
2363	2038
2595	2331
2512	2469
2253	2098
1626	1700
2065	1990
2305	2232
1674	1961
2061	2040
1982	1851
2486	2414
1375	2236
1260	2071
2251	2204
1655	1540
2492	2372
2043	2136
2096	1865
2045	2031
2549	2400
2187	2110
2492	2551
2618	2542
2011	2067
2249	2195
2007	1994
2567	2369
2482	2625
2416	2217
2657	2549
2244	2441
2667	2481
2480	2452
2266	1877
2101	2325
2883	2626
2598	2437
2626	2513
2727	2429
1790	2008
2013	1965
2543	2232
2585	2272
2519	2688
958	2074
2116	2058
2449	2502
2704	2481
1285	2163
1887	2139
1699	1752
2436	2572
1954	1830
1554	1912
1995	2278
2040	2053
1615	2305
2525	2453
2643	2490
2743	2288
2925	2184
2490	2173
2209	2055
2329	2117
1854	2079
2020	2004
1837	2031
2667	4120
2225	2098
1626	1762
1824	1964
1968	1877
2106	1985
2435	2481
1698	1903
826	1705
2907	2693
1451	2121
1900	2075
1987	1815
2204	2014
1545	2116
1755	2146
2583	2375
2145	1855
2615	2698
2717	2471
2302	2418
2228	2439
1328	2349
2128	2011
2381	2178
1877	1756
2381	2147
2067	2144
2248	2227
1389	2199
2038	2426
2339	2277
2023	2080
1636	2609
1948	2014
2216	2202
2623	2299
2457	2277
1830	1815
2443	2293
2623	2598
968	1703
1877	1818
1816	1875
2153	1981
1785	2209
2022	2001
2714	2367
2036	1917
2394	2221
1557	1802
2556	2449
2637	2452
2106	2247
1989	2119
2515	2473
2487	2320
1919	2075
2347	2372
2365	2178
2465	2190
2469	2208
1874	1813
1876	2047
1292	2370
903	2165
1473	1804
1869	1929
2293	2333
1931	1894
3029	3405
3104	2916
2697	2776
3441	3425
2428	2520
3170	2770
3290	3128
1615	2335
2901	3047
3568	3115
2893	2894
3407	3203
2902	2718
2763	2328
3562	3234
3543	3099
3266	2726
2991	3195
3409	3020
3147	2865
2248	2967
2805	2946
3834	2978
3386	3093
2726	2925
3510	3418
2856	2919
2808	2745
3561	3433
2995	2633
3078	2923
3096	3233
3096	2680
3060	2843
2905	2629
3107	3140
2273	2587
3365	2970
2693	2616
2621	3170
2883	2720
3178	2923
2515	2891
3641	3717
3441	3227
2884	2248
2578	2585
3367	2908
2990	2346
2098	2543
3015	3013
2952	2545
3064	2790
3049	3172
3507	3058
2683	2781
3545	3100
3789	3958
2125	2459
3012	3122
3369	2668
1473	2448
2835	2720
2871	2225
1820	2504
3318	2953
2958	2859
3415	2739
3514	3374
2980	2961
2644	2719
3576	3199
2863	2609
2704	3166
3308	3323
2256	2297
2899	3053
2564	2970
2924	2885
3280	2782
3323	3098
2552	2594
3562	3473
3566	2910
2994	2813
3318	3120
3733	3283
3172	3370
2528	3172
3043	2633
3601	3540
68	1608
3051	3147
3109	3158
2952	2558
3534	3306
2949	2890
1581	3088
3578	3584
2902	2896
3673	3285
2477	2947
2523	2296
3889	3183
3379	2861
3128	2875
3591	3185
2477	2934
2753	2787
3712	3139
2661	2746
3735	3519
3121	2935
2629	3090
3687	2936
3317	3030
3166	2750
2920	2791
3321	3162
3105	2818
3935	3386
2730	2774
2288	2362
3856	3514
2550	2803
3474	3336
2316	2663
3087	2860
3078	3157
3251	3273
1588	2357
1903	2527
2877	2659
3036	2920
3373	2868
2910	3143
3141	2941
3620	3192
2973	2582
2685	2695
2495	2816
3317	3621
2942	2555
2748	2744
1939	2474
3400	3483
1587	2590
2450	2687
3722	3194
2674	3384
3067	2540
2148	2852
3116	3012
2519	2963
3208	2873
1798	2183
2462	2527
3097	2820
2748	2682
2923	2761
3798	3245
3459	3136
3401	2983
3572	3381
3047	2871
3481	3131
2597	3334
2858	3046
3561	2956
2977	2874
3479	3340
2185	2386
2880	2627
2265	2475
3196	2667
1840	2443
3384	3358
3383	3088
2696	3334
3664	3554
2712	2867
2897	2622
3567	3461
3043	2872
3230	2748
3400	3338
3428	3241
2638	3040
3527	3208
2777	2731
3393	3077
2889	2807
2996	3073
3408	3059
1885	3018
3849	3161
3196	2843
3348	3018
2998	3068
3281	2874
3541	3158
2973	3057
2774	2714
2815	2789
3051	2662
3367	3083
860	3155
2956	3126
2537	2918
3068	2717
3668	3189
3492	3252
2688	2527
3456	3340
2879	2641
3152	3083
2948	2711
3173	3210
3157	2461
3260	3021
3022	2821
1933	2767
2801	2817
3103	2478
3034	3028
3788	3099
3174	2937
3595	3227
2931	2624
2548	2467
2380	2859
3257	2836
3324	3103
2184	2416
2983	2812
3124	3205
3548	3312
2943	2816
3259	2445
2692	2616
3226	3090
2548	2764
3278	3002
3376	3059
3443	3374
1369	2438
3266	2861
3342	3134
3301	2911
1766	2363
2977	2578
3648	3206
3536	2923
3372	3239
3029	2666
2652	2754
2512	2580
2048	2803
3109	3060
3774	3318
3193	2717
3774	3489
3227	2987
3761	3310
3007	2724
3487	3295
3033	2898
3331	2796
3690	3492
3439	3160
2475	2787
3954	3374
3012	2656
3324	3166
3474	3067
3762	3237
3911	3462
2992	2987
3110	3317
3577	3317
3527	3297
2912	2508
2853	3204
2999	2910
2769	2646
2963	2875
2953	2696
3630	2924
3132	3005
3135	3179
2194	2627
2942	2882
2931	2709
3771	3283
3001	2770
2335	2307
2947	2979
3236	3399
3453	3299
3550	3097
2951	2504
2558	3350
3397	3034
3142	2714
2458	2835
3213	3053
3453	3027
2741	2629
3752	3260
3406	3311
3568	3220
3537	3294
1534	2576
3375	3277
3570	3163
2529	2577
1947	2864
2704	3029
2733	2806
3471	2783
3067	2823
3217	2977
2401	2763
2666	2321
2995	3069
3366	3148
2853	2836
1464	3860
3462	3056
3355	3185
3360	3078
3419	3146
3770	3401
3078	3248
3770	3458
3410	3237
3009	2818
3084	2906
2914	2376
2017	1957
2349	2683
3101	2929
2511	2802
2882	2596
3113	2965
3430	3053
3521	3257
3026	2818
2469	2527
2756	3109
2651	2574
3304	2719
3079	2506
3210	2709
3053	2894
3100	2993
2567	2718
3120	3037
3596	3280
3360	2836
3524	3478
2514	2541
3200	3133
2435	2606
3075	2911
3007	2969
2174	3219
3085	2772
3135	2973
3121	3066
2812	2637
3478	2963
3166	3045
3195	3132
3455	3304
3368	3383
2974	3032
2494	2334
2469	2677
3084	2940
2791	2704
3522	3051
2707	2848
3136	2629
3282	2758
3689	3167
3278	2816
3088	2659
3517	3426
3007	3170
3274	2719
2704	2507
3133	3070
1620	3080
3331	2935
3292	2870
2372	2565
2567	2700
3292	3020
3432	2949
3476	3122
2812	3261
2718	2738
2899	2953
3232	3219
3324	2902
2757	2693
3038	2895
1919	2417
3143	2750
3041	2961
3264	2781
2374	2694
3163	2576
3223	3275
3044	2797
2365	2591
2852	2974
3457	3308
3683	3123
3655	3379
2843	2614
3190	2991
2931	2860
3163	2868
2066	2513
3579	3247
3443	3220
3256	3339
2922	2638
3141	3134
3107	2915
3756	3455
2044	2519
3309	3162
2910	2497
3407	3122
2834	2743
2275	2317
2877	2492
1873	2185
2879	2900
3271	3062
3029	2730
2327	2867
2870	3026
1657	2155
3214	2620
3708	3288
2309	2516
3036	2596
3081	3007
2771	2818
3002	2699
3136	2763
3429	3144
2948	2574
2538	2863
2934	2583
2710	2458
3211	2514
2971	2573
3359	3503
3147	2934
3354	2614
2551	2328
3846	3343
3331	3122
2653	2529
3178	2929
3304	3051
2197	2666
3211	3088
3491	3194
1530	2469
3260	3160
3260	2998
3105	2656
2472	2667
2942	2872
2107	2454
3113	3121
3401	3183
3665	3533
3185	3079
3280	3605
1592	2793
2317	2148
2826	2801
2765	2851
2954	2705
3096	2890
2905	2894
3751	3362
3257	2834
3387	3240
2969	2943
3104	2588
3363	2907
2913	2832
2301	2679
2915	2944
2773	2689
3384	3102
3505	3309
3620	3231
3305	2938
3017	2780
2962	2527
2974	2961
2977	2727
3415	2996
2831	2809
2204	2525
3316	2835
3360	3042
3671	3546
3153	2610
2947	2545
2836	2709
1685	2646
3123	2470
3594	3120
3081	2826
3552	3110
3198	2694
3743	3183
2849	2746
3293	2814
2819	2888
3553	3030
2973	2705
2777	2592
2396	2981
2911	2617
3746	3230
3885	3359
3533	2937
3579	3064
1895	2455
3179	3079
3080	2652
3533	3180
3283	3170
2888	2713
3759	3301
2741	2442
2459	2634
2301	2542
2862	2921
2713	2633
2359	2473
3067	2627
2928	2487
3266	2990
2817	2444
3139	3400
3568	3329
2668	2501
2616	2528
2983	2680
3786	3402
2929	2797
2842	2618
3150	2810
2746	2792
3666	3198
2421	2542
2345	2308
3756	3510
3222	3000
3347	2889
3140	2706
2813	2931
3788	3156
2975	2584
2732	2601
2643	2695
3435	3579
3537	3201
2356	3108
3173	3083
2432	2681
3291	2710
3898	3498
2484	2422
3233	3308
3040	3151
3357	3054
3585	2957
3018	3162
2745	2660
3199	3126
3005	2612
3423	2714
3285	3196
2818	2639
3276	3161
2848	2578
3557	3141
3851	3411
2909	2671
3045	3335
3284	2883
3434	3160
3136	3078
1718	2357
3542	3092
3794	3310
2863	2752
2213	2785
3123	3036
2214	2505
3228	3036
2394	2384
3233	2726
3312	3019
3767	3121
3576	3339
3127	2723
917	2330
3267	2755
2525	2662
2783	2760
3092	3037
2983	2768
3440	3062
2444	2890
2465	2831
2971	2518
3339	2916
3309	3289
2835	2631
2623	2671
2334	2440
3013	2917
2168	2456
2908	2614
3100	2745
2437	2683
2704	2553
3662	3000
2523	2641
2623	3082
3417	3024
2771	3202
3518	3320
3039	2606
3190	2838
2490	2662
3200	2738
3421	3228
3351	3083
2571	2750
2861	2488
2804	2840
3427	3413
3112	2857
3680	3452
3206	3273
3168	2742
3199	2870
2342	2832
2069	2172
3409	3097
2722	2436
2189	2395
3695	3247
2699	2360
3056	2771
3076	2895
3003	2850
1845	2732
2923	2505
3074	2546
2784	2776
2375	2505
2667	2634
3393	2839
3206	2809
3357	3042
2817	2674
3441	2940
3637	3189
2198	2572
2184	2348
3346	2650
2834	2656
3285	2968
3025	2633
2835	2347
3652	3402
3669	3295
2062	2939
2745	2909
3023	2695
3410	3175
3843	3285
2835	2798
3155	2747
3211	2766
2872	2496
2773	2677
3490	3004
3675	3230
2175	2662
3449	3109
2982	2854
3007	2473
2153	2457
2315	2652
2931	2794
2808	2666
2651	2889
3202	2929
3477	3524
3722	3114
2631	2453
3429	3487
3281	3283
2647	2290
3119	2585
3228	3082
3229	2705
3386	2997
2938	2870
3462	3019
2778	2816
3786	3472
2062	2384
3373	2749
3241	2825
2912	2619
2982	2435
3517	3157
2922	2778
2714	2500
3756	3347
2690	2593
2747	2605
3631	3351
3336	3069
2706	2707
3462	2486
2899	2859
2922	2677
2719	2696
2591	2888
3274	2813
2917	2796
3167	2713
3687	3205
3064	2712
2335	2626
3065	3124
3461	2995
3470	3313
3428	3009
3201	2969
2633	2506
3480	2984
2177	2397
3193	2871
2800	2449
3200	2933
3162	3455
3488	3209
3585	3445
2885	2602
3240	2935
3021	2625
3356	3039
2972	3044
3350	3225
3424	2926
3346	3086
3606	3272
3341	3028
2981	2532
2554	2602
3626	3121
2943	2684
3597	3050
1471	2563
3140	3087
3428	3070
3239	2815
1164	2810
2778	3122
3255	3024
2967	2999
2806	2730
3057	2739
3065	2876
3123	2597
3270	3044
2091	2627
2682	2723
3067	3234
3869	3311
2562	2711
3131	3150
3397	2876
3222	3116
3065	2900
3111	3183
3304	3310
3719	3325
3112	2747
2979	2812
2944	2581
3638	3389
3275	2827
2396	2748
2364	2422
3086	2460
2986	2756
2826	2704
3358	3066
2956	2718
3500	3157
2962	2592
3466	3196
2406	2665
3054	3054
3470	2912
1972	2264
2454	2752
2641	2853
3095	2958
3271	3095
3736	3381
3101	3214
2876	3011
3155	2805
3187	3085
3598	3625
2104	2570
3684	2950
3550	3072
2771	2633
2714	2455
2750	2917
2832	2969
2629	2474
3541	3177
3782	3204
3366	2968
2564	2765
2894	2894
3189	2982
3422	3312
2758	2756
3542	3313
2940	2717
3459	3101
2976	2894
2976	2824
1847	2686
3008	2916
3209	2958
3157	3132
3600	3127
1650	2013
3143	2928
2100	3087
3075	2683
2400	2794
2612	2814
2019	2721
2312	2563
3168	3102
3213	2921
3111	2791
1539	2662
1928	2270
3238	2949
3703	3432
2907	2647
2492	3159
2338	3076
3458	2908
3779	3375
3720	3188
2657	2715
2276	2357
3003	2606
3102	2932
3593	3342
3200	2762
2955	2644
3068	2686
3569	3084
2725	2873
2716	2718
2578	2698
2602	3037
3427	2978
3751	3506
3064	3015
3348	2994
3286	2724
2836	2925
2387	2696
3382	3164
3251	2759
3333	3117
2879	2694
3407	2795
2928	2888
2805	2707
2402	2861
2964	2535
2970	2488
2691	2458
2682	2974
3122	2724
3090	2614
2102	2386
3268	3125
3121	2808
3493	2937
2610	2800
2844	2930
2954	2860
3024	2891
3371	3082
3454	2998
1624	2316
3134	3188
3187	2759
2873	3542
3298	3109
3577	3229
2914	2812
3278	2812
3589	3204
3641	3091
3118	2833
3616	3185
2362	2760
2249	2684
3439	2862
3077	2947
2183	2907
2738	2883
3600	3190
2903	2756
2373	2481
2948	2610
2891	2675
2514	2811
3315	3041
3720	2968
3163	3049
2802	2728
3640	3159
2811	2718
3851	3285
3807	3167
2969	3046
3317	3275
3582	3020
3563	3155
2979	2828
3151	2763
3028	2489
3202	2796
2602	3164
3393	2853
2478	2218
3614	3016
3672	3238
3496	3121
2582	2788
1966	2685
3712	3548
3305	3327
2778	2740
3074	2883
2894	2742
3193	2938
3111	2677
3431	2973
1989	2294
2952	2442
3692	3339
3284	3153
3728	3237
2606	2745
3069	3441
3029	2732
3106	2849
2596	2760
3179	2608
2851	2678
3056	2533
3074	3242
3326	3273
2300	2537
3773	3230
4248	3939
3422	3080
4805	4309
3407	3539
4600	3535
4103	3440
3346	2765
4564	4229
4069	3652
4462	4087
3734	3263
4112	3871
2517	3024
4177	3594
4634	4314
3870	3644
4082	3614
4351	4028
3722	3452
4088	3691
4484	4182
4106	3301
3626	3901
3878	3296
4138	3190
3271	3671
3734	3590
3984	3363
4017	3808
2822	3949
4333	3707
4619	4217
3790	3657
3053	3443
4468	4221
4268	3944
3826	3686
4522	3958
4507	4067
3779	3946
4275	3930
4275	3474
3917	3586
3798	3485
4098	3572
4568	3952
4079	3704
3954	3611
4013	3441
4093	3832
3753	3447
3811	3545
2605	2466
4327	3987
4122	3612
4345	3688
3588	3522
3809	3266
3960	3359
4685	4223
4349	3954
3787	3974
4101	3465
4404	3681
4162	3462
4413	3365
3862	3865
4190	3800
2663	3361
4113	3698
3796	3749
4177	3684
3832	3624
4089	3505
4392	4167
4319	3552
4428	4105
3758	3588
4173	3418
3528	3962
3040	3041
3705	3164
3472	3407
4311	3624
4713	4112
3321	3675
4753	4108
3331	3754
4470	4094
4339	3439
3303	3544
4360	3949
2220	2922
4411	3923
4437	3616
4122	4507
3950	3345
4068	3361
3419	3107
3997	3543
4248	3384
4134	3714
3092	3926
4065	4676
4683	4188
2833	3451
4492	3727
3009	2976
4387	3863
3863	3742
3873	3450
3270	3403
4368	3678
3524	3787
4773	3565
4052	3359
4190	3838
3968	3549
3851	3699
4514	4133
2920	3575
2465	2984
3828	3527
3183	3762
3972	3247
4090	3705
4705	3766
1811	2902
3882	3452
3955	3816
4170	3608
3859	3638
3235	3482
3832	3699
4418	4297
4228	3453
1793	3588
4686	4184
4207	3710
3904	3672
3927	3544
4255	3671
4054	3663
4404	3747
4282	3441
3314	3309
3959	4271
3934	3342
4337	3446
2581	3270
2331	3065
4151	3705
4255	3960
4245	3825
3818	3739
4450	3359
4088	3417
3239	3158
4608	4049
3952	3392
2772	3553
3849	3839
3874	3336
3884	3280
3655	3720
4830	3915
3752	3424
1481	2971
4122	3725
2422	4030
3959	3221
4822	3852
4837	4056
4569	4248
3664	3159
3968	3413
4474	3698
3329	3160
3042	3159
3460	3477
3388	3627
2542	3615
3910	3891
4211	3785
4187	3386
4366	4084
3713	3615
4130	4475
3148	3157
3731	3418
3794	3291
3783	3262
4355	3556
4222	3794
4506	3921
3998	2955
4353	4013
4131	5619
3729	3232
2437	2761
4475	3969
3304	3517
3046	3440
3682	3213
4559	4229
3041	3164
4294	4415
4546	4240
2216	3082
2301	3334
4602	3892
4041	3800
4230	3696
3438	3226
3007	3516
4286	3450
4413	3756
4564	4027
3923	3420
4165	3592
4198	3660
4008	3606
3555	3632
4101	3775
1810	3010
3887	3886
3831	3655
4141	3468
4832	3760
4398	3425
4843	3674
2994	3847
4518	4615
4207	3704
3602	4072
2934	3159
3037	3482
4339	3642
2582	3609
4248	3762
4272	4100
3768	3419
4203	4027
3089	3041
3541	3150
3475	3498
3746	3218
4265	3326
4060	3534
4319	3796
3483	3862
4819	3940
4102	3468
3843	3717
2756	3182
3712	3839
4205	3682
2039	2779
3588	3481
3823	3456
3814	3524
4274	3755
4037	3452
4475	3917
2191	2977
4909	3904
4530	4247
3333	3126
2879	2618
4004	3467
3940	3602
3988	3280
3783	3707
2864	3037
3749	3809
4455	4167
3546	3557
2574	3382
4011	3589
4646	3802
3437	3393
4486	3963
4335	3596
4160	3859
4410	4502
4499	3912
3870	3906
4016	3840
4259	3875
4822	3887
4499	3914
4030	3447
3990	3372
4040	4017
3822	3537
3309	2811
4453	4084
4397	4087
3824	4043
4570	3942
4732	3865
4100	3726
3730	3944
3768	3450
3980	3165
3914	3979
2792	3464
4219	3789
4005	3841
4006	3828
3762	3603
4601	3936
3700	3231
3987	3508
2959	3387
2552	3147
4056	3786
4254	3750
4435	3781
4524	4015
4335	3840
3710	3202
4829	4357
4328	4060
3932	3929
3786	3599
2254	3605
2022	3544
4602	4199
4196	4111
4704	4409
3967	3944
4181	3594
3767	3467
3937	3167
4533	3901
4197	3653
3936	3358
3081	3424
4093	3538
4118	3745
2401	3018
2516	3077
3408	3958
2980	2803
4302	3346
3680	3470
3870	3371
3987	3803
4878	4072
4645	3941
3641	3340
4169	3660
3678	4024
4660	4152
3987	3788
4290	4050
3426	3603
4583	3727
4049	3670
3992	3428
4795	5064
2801	3064
3661	3736
3976	4122
4583	3891
3534	3581
3935	3911
3065	2712
4112	3531
4581	4526
4547	3956
4111	3252
4215	3347
3719	3547
3998	3876
4585	4123
3511	3350
3135	3579
3967	3305
4097	3416
3983	3794
4733	4024
4442	4365
4020	3784
4331	3558
4437	3845
2878	2885
3531	3559
2059	4068
4021	3718
4418	4016
4118	3693
2424	2915
3313	3283
2856	3152
2662	3178
4073	3281
4359	4333
3500	3146
4175	3605
4055	3843
3793	3665
3644	3566
3132	2896
4259	3942
4053	3751
4415	3536
4557	4008
3769	3333
4483	4160
4457	4015
4220	3875
4583	3480
2337	3078
4388	3693
3789	3496
2908	3303
1450	3439
3629	3594
4257	4102
3981	3997
3814	3569
4459	3846
3946	3272
3864	3468
3623	3371
4293	3870
3312	2874
2790	3386
3009	3601
3941	3750
2351	3273
4110	4356
3870	3222
4107	3597
4662	3777
4167	4203
3400	3213
4454	4138
2976	3308
3415	3425
4730	4068
3925	3904
2403	3171
2335	3189
3846	3405
3451	2990
2836	3482
3777	3354
3234	3045
4176	3608
4063	3149
4253	3696
4501	4187
3052	3379
3746	4236
3799	3705
4023	3766
4302	3866
4735	4181
3356	3538
4433	4034
4121	3764
3819	3332
4238	3703
3970	3884
3942	3557
4351	3848
4690	4215
4198	4439
3171	3713
3950	3566
2540	3261
4498	3987
1527	4720
4294	3681
3551	3912
3374	3770
4218	3407
2108	2680
3934	3348
4017	4077
2899	3834
2931	3697
4485	4074
3922	3603
3929	3086
4350	3321
4344	3879
4305	3807
4051	3836
4295	3771
4496	4298
2876	3603
3830	3526
1952	3655
3402	3146
2987	3137
3993	3539
4417	3981
4850	4253
4189	3854
3835	3795
3415	3449
4034	3723
4466	3782
4386	4549
3231	3125
4268	3898
4074	3748
3576	3508
4190	3823
4599	4099
3052	3168
4631	3831
2889	3492
3522	3633
3318	3046
4308	3536
4608	3928
4157	3835
4138	3424
4522	3825
4394	3695
4030	3898
3838	3851
3152	3433
3713	3038
3436	3312
4218	3845
4208	3820
3068	2831
4435	3543
4667	3819
4374	3731
4000	3597
4261	4008
3870	4777
3746	3852
2125	2821
3889	3954
3886	4162
1744	3123
4303	3788
3800	3394
4536	4070
2609	2731
4221	3593
3717	3147
4156	3527
3884	3498
2103	3233
2560	2390
3560	3125
3045	2906
3551	3726
3834	3518
3543	4042
4337	4005
3495	5270
3736	3884
4020	3746
3815	3530
2097	3193
3915	3534
4029	3709
3814	3068
3689	3743
3381	3233
4082	3570
3846	3116
2409	2693
3580	3611
4777	4617
4383	3766
3707	3272
4696	3700
4205	3487
1579	2848
3672	3395
3739	3693
4362	3743
4200	3731
4268	3589
4078	3304
3099	3568
4031	3720
4473	3937
3994	3888
4557	3856
4823	3753
4046	3491
4655	4069
3186	3282
4187	3762
4368	4202
4113	3993
4055	3601
3792	3440
2252	3775
3553	3256
4536	3819
3970	3461
4620	4154
3209	3174
3662	3484
4404	3836
4556	4108
4571	3949
2666	2852
3899	3548
3144	3395
3861	3634
4129	3540
3510	3739
4764	3862
3962	3607
4334	4223
4785	3804
3713	3486
4111	4263
2436	3208
4401	4325
3686	3188
4608	4111
3057	3270
4404	3907
3947	3758
3743	3355
4631	3745
4055	3733
3750	3627
4381	3721
4141	3649
4180	3738
3780	2799
4474	3675
3766	3633
4070	3434
2943	3120
4815	4489
4741	4317
3912	3512
4163	3796
4846	4183
2649	2309
4425	3809
4221	3726
3457	3065
1323	3137
4630	4038
4629	3892
4705	3648
4187	3894
4223	4464
3753	3243
3908	3336
3748	3049
3657	3645
4405	4024
3674	3854
3839	3606
3114	3496
3188	3454
3758	3348
4330	4247
3312	3212
4064	4282
3638	3978
3088	4152
4934	4046
2761	3365
3947	4664
4849	3677
3635	3107
3471	3326
3940	3702
3227	2927
4056	3165
3647	3408
4006	3270
4189	3726
2226	3281
2832	3650
3859	3425
4437	4274
3803	3404
4549	3915
3651	3018
4000	3500
4505	4148
4269	3400
2854	3181
4254	3996
3622	3295
4483	3986
4459	3574
4768	4332
3323	3209
2665	3089
3779	3523
4312	3875
3900	3143
3245	3238
4428	3712
3406	3129
1993	3312
3677	3027
3794	3647
4352	3853
3798	3829
4713	4222
3918	3621
4081	3925
3680	3342
3213	3227
4309	4741
4176	3671
3619	3163
4724	4009
3700	3719
4267	3986
3889	3408
4037	3475
4009	3744
4038	3761
4633	4008
4024	3631
4476	3715
4385	3632
3794	3463
3188	3048
3945	3718
4704	3866
4169	3638
2508	3369
4078	3596
3804	3649
4549	4050
3918	3128
4059	4020
4341	4249
4831	4289
4638	4333
4114	3712
3563	3468
4537	3912
4577	3849
4111	3421
3848	3664
3914	3675
4725	3876
4010	3162
4584	3905
4045	4086
3328	3773
3911	3368
4045	3849
4727	4322
3223	3732
2834	4063
3914	3122
4723	4510
3841	3627
3496	3700
3993	3253
3271	3110
4313	4055
4238	4079
3006	2747
4601	4251
3114	3349
3387	3384
4321	3789
4379	4330
4658	3893
3526	3443
4694	3818
3617	3526
3543	3393
4069	3592
3539	3077
4505	4153
3848	3717
3910	3358
3978	3946
4069	3818
4473	3954
2912	3800
4053	3757
3660	3308
3967	3405
4771	3859
4316	3449
4456	4308
4005	4657
3873	3562
4199	3662
3543	3513
3801	3225
4141	3806
4481	4059
2391	2583
4044	3766
4036	3308
4031	3917
4230	3762
3152	3196
4146	3815
4096	3668
4142	3734
2053	3937
3452	3476
4269	3661
4476	3577
4088	3378
4539	3797
4241	4110
3613	3420
4310	3774
3970	3498
3761	3956
4261	3857
4402	4292
3888	3335
3074	3314
4453	4528
4197	4417
3291	3479
4302	4459
4255	3904
3866	3577
3951	3516
4784	3672
4028	3947
4019	4017
4657	4317
4288	4251
3894	3760
2312	3134
3845	3690
2844	3226
2777	4004
3479	3699
3989	3752
3325	2604
4103	4023
4797	3753
3845	3280
1834	3120
4002	3871
4561	3978
4270	4086
4249	3903
4135	3321
4263	3718
4002	3309
3890	3463
3568	3515
3694	3062
3479	3522
4021	3483
4167	3974
3461	3323
4685	4122
2621	2532
3575	3662
2357	3267
3996	3827
4638	4039
3998	3858
3643	3940
3786	3637
4266	3677
4102	3494
4618	3914
3992	4081
3756	3576
3140	3352
3526	3439
3539	3572
3964	3426
3123	3069
4493	4165
4588	4260
3453	3472
4023	3595
4588	3948
4529	4299
4110	3773
4328	3979
4474	4365
3786	3560
4260	3952
3966	3951
4406	4366
4223	3701
3393	3324
3481	3345
3949	3573
4157	3525
3930	3638
4015	3541
4817	3905
3387	3052
3724	3173
4039	4058
3719	3466
4569	3780
4348	4310
4106	3601
4270	3673
3397	3550
4317	3715
4614	3945
3960	3782
4140	3621
3609	3212
3835	3531
4392	4126
3915	3356
3699	3562
3029	3234
3718	3587
4122	3746
4886	3661
3460	3333
3887	3266
4492	4021
4790	4143
3728	3178
4738	4196
3799	3573
3550	3952
3932	3653
4394	3705
3832	3341
4188	3842
3676	2938
4053	3124
4330	3895
4083	3519
3865	3602
4327	4041
3433	3494
4797	3853
4174	3635
3948	3518
4587	4105
3889	3492
3605	3218
3594	3127
3229	3463
3764	3639
3854	3293
4110	3234
4035	4190
3982	3519
4319	4133
3601	3637
4675	4311
1682	2982
3988	3446
4617	4093
3715	3437
4597	3948
3667	3711
4457	4165
4523	3670
3920	3965
4291	3936
4029	3913
3768	3514
3908	3217
3615	4008
3906	3819
4133	4099
4112	3615
4346	3765
4025	3466
4521	3548
4074	4415
3673	3354
4554	4086
4235	3725
3772	3763
2888	3435
4811	4171
3845	3637
4781	4024
3776	3269
3980	3354
4837	4455
2966	3273
4113	3797
3208	3940
4083	3672
4005	3652
5219	4573
5430	4537
5074	4767
4815	3944
5212	4895
4956	4207
5401	4865
4874	4388
5449	5010
4678	4651
5309	4306
3302	3549
4615	4265
4190	3794
5675	4741
2960	4651
5008	4109
5164	4359
5095	4894
4560	4363
5337	4548
3473	3628
3626	4076
3174	3909
4835	4081
5318	4384
5495	5129
5778	4774
4995	4498
2770	3860
3763	3961
4893	4627
4984	4064
4658	4230
4876	4672
5578	4883
5166	4621
5360	4904
3064	4504
4421	4026
4315	3420
2648	3824
5451	4302
4249	3841
3658	3956
2864	4108
5080	4676
5567	4538
5426	4807
5696	5642
3626	3320
5302	4822
4484	4147
5455	4961
3716	4461
5293	4381
4577	4107
5369	5007
4931	4237
4886	4742
4277	3955
5162	4618
5500	4757
3235	3598
4502	4059
4676	4271
4984	4605
4912	3987
4568	4637
5373	5120
5523	4977
4590	4417
4970	4587
4082	3883
5530	4398
5420	4114
5620	4625
5653	4316
5569	5086
3463	3226
5546	4766
4733	4407
4074	4002
5302	4464
4651	4227
5160	4101
4921	4353
4328	4317
1961	3634
5065	4231
4071	4057
4309	3485
4277	4313
5357	4542
5346	5025
4388	4276
3449	3835
5123	4088
5573	5475
4938	4686
5637	4852
3877	3684
5598	4798
5340	4634
3918	4158
3617	3486
4290	4404
4451	3919
5129	4335
4612	4480
3142	4186
3848	3862
3408	3846
5190	4473
4977	5041
5346	4078
5482	4048
5026	4572
4364	4362
5380	4717
5057	4357
4844	4261
5092	5098
5631	4955
3282	3692
4922	4400
5006	4395
5297	4381
3169	3381
4754	4306
4847	4458
5037	4552
5252	4345
4856	4362
4727	4178
4791	4135
5210	4319
5370	4468
4399	4097
5141	4148
3905	4081
5458	4785
3363	3429
4287	4423
4264	4530
5521	4790
4902	4153
4756	4206
4935	4266
4932	4270
3036	3906
4923	4398
2554	3622
4008	4300
3614	3929
4707	4095
5067	4613
5374	4749
5261	3941
4943	4488
5822	4869
4860	4325
4543	4389
3209	3132
5015	4515
4672	4447
3756	3858
4921	4531
5795	4812
5212	4107
5134	4518
4897	4061
4607	5008
5304	4637
4968	4304
4236	4338
4856	4263
3770	3889
4612	4334
5348	4745
4531	4505
4412	4076
4882	4964
3794	3622
4874	4687
4575	4518
5238	4991
5531	4296
5434	4849
3977	4334
4980	4064
5118	4241
5702	4716
3847	3934
4743	4666
5249	4122
5124	4933
5503	5120
5759	4797
4246	4385
5257	4590
5087	4266
4297	4102
4835	4247
4820	4194
5070	4082
4928	3969
4872	4083
4992	4852
4632	4110
5037	4215
4003	3895
5429	4646
3821	3873
4714	4765
5326	4842
5669	4791
4588	4193
4177	3615
4131	3650
5486	4804
4937	4652
5456	4816
4317	4146
4992	4904
5135	4758
5480	4219
4944	4086
5005	4220
4478	4054
3869	3244
4253	4485
5070	5174
2989	4010
4416	4825
4688	4066
5747	5982
3607	3443
3966	3674
4757	4236
4887	4086
4585	4091
4758	4349
5261	4479
4494	4208
3764	4323
5204	3826
5013	5192
5073	4650
4657	4071
4997	4318
5483	4674
2981	4541
4889	4080
5266	4760
4734	4575
4588	4360
5438	4522
4410	4024
4736	4177
5036	4650
5372	4912
5484	4887
2160	3703
4819	4247
5497	4477
4751	4665
5168	4798
4913	4628
5451	4591
5226	4646
5136	4380
5067	3751
4891	4135
4477	4026
3883	3874
4146	3975
4888	3882
4623	4648
2689	3715
4951	4805
4651	3952
4341	4411
4764	4700
4963	4047
4938	4751
4592	4190
4540	4520
5021	3951
3074	4070
5225	4667
5084	4380
5612	5444
3941	4335
4565	3636
4025	4065
5155	4191
5034	4521
4736	4381
5190	4266
4859	3862
3761	3490
5238	4838
3950	3846
5341	4945
4391	3859
4815	4356
4888	4245
4778	4427
4753	4226
4953	3901
3860	4160
4860	4818
5257	4898
4992	4172
4917	4341
5460	5110
3399	4262
3609	4318
4154	4194
4369	3867
4696	3805
4749	4468
3907	4098
4611	4609
5243	4865
4490	4243
4873	4624
5006	4208
5038	4296
4748	4524
4936	4454
5080	4410
4979	4021
5337	4655
4494	3948
4290	4313
5487	4729
4222	3855
3973	4031
5170	4814
3171	4209
5037	4252
3316	4697
4993	4448
5720	4495
5069	4483
4015	4311
5008	4557
4705	4257
5725	5089
5717	4689
2671	3866
5669	4824
4744	4208
4160	4124
4195	3740
5090	4458
5259	4816
4521	4201
4772	4472
3616	4287
5292	4420
4130	4309
4641	4269
4876	4014
5463	4646
4791	4300
5081	4392
4273	3644
3669	3588
3632	4052
3491	3610
5501	4800
5121	4622
4891	3767
4900	4292
5431	4898
5773	4932
4418	3868
4979	3828
5027	4687
5588	4912
5227	4824
4476	4348
2033	3975
5226	4463
5532	4957
5174	4972
4504	4143
4930	4292
5408	4723
4387	3898
5043	4268
5070	4260
4905	4297
4874	3735
3991	4466
5668	4984
5275	4872
4770	4029
5618	4244
3007	4255
5268	4588
5329	4206
5343	4396
5134	4126
4508	3991
4274	4267
5026	4232
5375	4537
4909	5027
4945	4203
4834	4185
5765	5293
5330	4586
5162	3819
5076	4062
5016	4355
4938	4066
2649	3604
5424	5377
4775	4436
5728	4500
5254	4327
4871	4203
4858	4276
5595	4881
4573	4414
5557	4626
4870	4633
5202	4650
3282	3872
5353	4656
5006	4748
5616	4939
4846	4366
4815	4240
5585	5019
4925	4354
4412	4464
2193	3381
4819	4412
5038	4217
5272	4384
2955	3865
5032	4181
4903	4212
5692	4988
5133	4109
5339	4030
5489	4673
5260	4376
4730	4290
3319	3868
3829	3878
4346	4324
5221	5154
4774	4388
4861	4127
5281	4571
4708	4190
4440	3907
5221	4818
5303	4380
5471	5172
4430	4045
5068	4502
4635	4361
5204	4589
4709	4269
3929	4279
5072	4291
5588	4813
3436	4032
5161	4346
4851	4263
5185	4989
4926	4505
5027	4364
4971	4328
4791	4482
4989	4101
4737	4474
5053	4287
5533	4616
4716	4013
3948	3841
5424	4449
4599	3954
5506	4666
5045	4832
5267	4558
3585	3994
4394	3715
4788	4429
5103	4854
2201	4138
4777	4579
5130	4774
4647	4873
5685	4945
4825	4068
5387	4719
5365	4653
4398	4147
4844	4495
5009	4218
4257	4267
3801	4475
4386	4297
4971	4120
3375	4214
5305	4411
5459	4394
4928	4396
3694	3876
5152	4468
5411	4636
5526	4511
4871	3930
5489	4769
5433	3981
4978	4359
4728	4225
3566	4597
5364	4532
4215	4187
5562	4624
5027	5118
4962	3903
4770	4575
5125	4569
5560	4311
2660	3745
5494	4415
4156	4190
5256	4123
4915	4598
5003	4531
5658	4496
4656	4260
3649	3772
5364	4904
3951	3669
4902	4104
4951	4329
4843	4169
4958	4907
4488	4236
3485	4118
3300	3737
3418	4262
4899	3653
4818	4354
4778	4668
5071	4910
4435	4760
5258	4689
5445	4728
2811	3459
4835	3985
5062	4923
4459	3906
5132	3816
4724	4088
3403	3448
4182	4298
5524	4455
5623	4481
3750	3492
5153	4884
5420	4519
5480	4546
4716	4462
5579	5146
4086	4131
4701	4223
5007	4718
2894	3744
5349	4591
5643	5231
4095	4186
4066	4332
4255	4430
4953	4413
4968	4657
3861	3696
5672	4989
5266	4648
3374	3939
4998	4705
5099	4181
4590	4097
5175	4476
5269	4660
5241	4346
4950	4389
5430	4533
4399	4443
5342	4939
4920	4386
5416	4935
5413	4610
4815	4928
4704	4553
5201	4922
4321	4019
4859	4189
4226	4820
5193	4659
5141	4259
4824	4388
4424	4262
5800	4959
4474	4667
4685	4660
4778	4016
5501	4556
5449	4799
4746	4726
4184	4114
4728	4421
2004	3565
4568	4670
5629	4747
4997	4154
5599	4711
4699	4243
5048	4372
4020	5215
5292	4664
2638	3801
4883	4173
3425	3857
4674	4045
4937	4611
3497	4027
4907	4372
4441	4763
4668	4131
5345	4672
4768	5129
4814	4594
4714	4264
5295	4695
5153	4690
4260	3946
5391	4311
4094	4297
3739	3903
4994	4633
4118	3906
5436	4162
4759	4337
5074	4855
5104	4704
5237	4955
4949	4330
5393	5150
5199	4876
2923	4038
4325	4116
4972	4579
5078	4464
4538	4678
5152	4774
4247	3989
4431	4234
4943	4353
5241	4345
5318	4864
3902	4378
5115	4635
5611	5429
4735	4309
3202	4328
4568	4466
3397	3696
4619	4487
5528	5152
5478	4950
4885	4797
3634	4039
4878	4380
4799	4586
4073	3659
2620	3760
2898	4976
5623	4819
5055	4586
4899	4289
5765	4626
5695	5028
2576	4013
3760	3758
4670	4575
5021	4454
5275	4228
5139	4865
4760	4400
5430	5020
2826	3315
4613	4276
4756	4397
4896	4842
5320	4380
4634	3948
4234	4498
5511	5244
5143	5234
4854	3840
3154	3794
4401	4237
5358	4457
5552	4527
5078	3703
5370	4674
3709	3989
5757	5053
4606	4364
5449	4389
4846	3933
4477	4346
5055	4363
4525	3642
4745	4917
5182	3521
5789	5832
4761	4300
4865	4308
2467	4299
2049	2527
4028	4453
4169	3971
4811	4158
5109	4299
4238	3607
3463	4338
5242	4301
3788	3446
4029	4406
5188	4367
4490	3868
5144	4503
4767	4692
5414	5193
4447	3787
4476	4500
3068	3767
5217	4621
3799	3926
5036	4523
5287	4534
4820	4293
5202	4512
5180	5117
4913	4696
5048	4599
5423	4550
4580	4213
3598	3606
4343	3953
5517	5700
5709	4925
4788	4267
4462	3776
5795	4799
4786	4056
5326	5003
3664	3566
5049	4309
3128	3915
2830	4052
4696	5095
5238	4427
3982	4562
5433	4508
4111	3658
4167	3882
5320	4490
5225	4875
5534	5058
5440	4593
5169	4743
4909	4594
4816	4331
5311	4298
5341	4660
4654	4043
4932	4135
3680	4055
4747	4576
3907	4280
4456	4456
5264	5347
4317	4174
5620	4964
5074	4453
4903	4371
4766	4141
5644	4909
5382	4591
4545	4307
5185	4720
3495	4281
3954	4411
3112	3542
5297	4355
3830	3509
4889	4311
5322	4440
4918	4720
4896	4414
5700	5072
4621	4243
5492	4883
5493	5010
3861	3886
4045	3731
5741	4875
5023	4318
4901	4176
4681	4179
3214	3869
5483	4459
4836	4192
4350	4084
5161	4503
5219	4184
5021	4373
4811	4938
3897	4082
5130	4569
5389	5533
4517	4193
4698	3540
5023	4168
4952	4305
3658	3478
4853	4228
4935	4310
5578	4176
5747	4545
5345	4623
5382	4586
3954	4130
5575	4669
5169	4692
3615	5203
4833	4053
4622	3736
5146	4391
5479	4607
5128	4765
5151	4655
4359	4568
4403	4380
5056	4535
4488	4272
4991	4385
4386	5160
4335	4065
5505	4796
4899	3935
5497	4219
3790	4467
4917	4454
5310	4362
3294	4180
4802	4533
4076	3763
5217	4252
3613	3755
2785	3891
4806	4369
4765	4086
5223	4368
3785	4430
5690	5048
5841	4870
4771	4237
3269	4132
1916	2920
4982	4682
4865	4329
5102	3971
5034	4465
4613	4373
4244	3383
4244	4044
4625	4633
5377	4638
5069	4147
4865	4573
4525	4347
5474	4813
4793	4008
4011	4610
4941	4236
4461	4157
5767	4837
4074	4207
4969	4891
4283	3937
3409	3564
4717	4176
4792	4524
4782	4197
3985	3836
5620	5100
4499	4297
4822	4780
5496	4574
4869	4299
2333	4156
4459	4346
4974	4626
2602	3420
5429	5256
4340	4103
2229	3710
4121	3651
5035	4145
4770	4383
5411	4949
2391	3969
5731	4616
4861	4534
2832	3365
3800	4337
4871	4268
3219	3620
3694	4159
4810	4302
4815	4892
5305	4623
2850	4704
5396	4294
4923	4276
5572	4664
5632	4918
5275	4920
4882	4154
3695	3570
5760	4195
3502	3421
5176	4571
5082	4121
5440	4737
5148	4347
3976	6403
3369	3799
5575	4471
5604	4684
4193	4101
4984	4650
4715	3944
5459	5016
5009	4243
5012	4023
5435	4693
4743	4123
5118	4698
4292	4731
4570	4773
4113	3612
5051	4295
5042	4855
5164	4707
4996	4170
5741	5185
5127	4796
4841	4313
3910	3755
5120	5073
4826	4836
5102	4691
4746	4388
4753	4499
5039	4428
3690	3999
3972	3440
3017	4202
4402	4380
5392	4400
5033	4257
4002	4125
5100	4771
5081	4552
4696	4322
4844	4192
4710	4426
4250	3917
4936	4113
5274	4417
5750	4648
5240	4909
4515	4691
5085	4423
6468	5419
6149	5399
6684	6809
5895	5352
5665	5347
4272	4727
6066	5371
6193	5794
5725	5088
6244	5053
6405	4996
3363	3625
5250	5715
6617	5423
6430	5316
5757	5118
6044	5041
5947	5577
4345	4990
6040	4759
3368	3795
5679	5074
5235	5101
4972	4419
6467	5923
5752	5426
5450	5193
3700	5316
6686	5854
6311	5328
4430	5106
5595	5426
5406	5212
6104	4655
6307	5099
5696	4646
4803	4859
6054	5416
6102	5072
5869	5597
6207	5244
5248	4902
4958	4681
5805	4907
6461	5114
5808	5410
5592	4518
4354	4423
6129	5589
6258	5495
5812	5209
5410	4570
4058	4109
6392	5575
6403	5856
6267	6027
5844	5381
4610	4484
5359	4722
5279	5026
6419	5511
6505	5173
6162	5747
3548	3966
6276	4845
5293	5161
5052	4355
5405	4856
5829	5037
5526	5407
5689	4906
6346	6022
4969	4952
3625	4152
4183	5183
5895	5211
6255	5705
6551	4987
5401	5291
4775	4612
5512	5128
5647	4856
2772	6109
5616	4507
5786	5331
5429	4757
4622	4905
5309	5188
3840	4812
5368	5022
4834	5405
3592	4634
6213	5068
3219	5062
6328	5431
5243	4817
5794	4836
6212	5409
6353	5559
5230	4157
5864	4884
4818	4945
5915	5243
4913	4899
3441	4046
4335	4255
5927	4682
5813	5501
4595	4742
6128	6203
6184	8553
5191	5301
5714	5260
5578	5317
6336	5232
6025	5448
4866	5270
4900	4552
5676	5386
5964	5782
5470	4730
6582	5937
3362	4328
6036	5036
5940	4919
5558	4962
5883	4733
6322	5337
6208	5673
5700	5900
5436	4753
6476	6894
5856	5410
5900	4738
6255	5590
5480	4849
6402	5445
3671	3760
3586	4288
6001	4956
5677	4914
5763	5389
6210	5393
4132	4952
6507	4871
4902	5094
5626	4532
5443	5211
6152	5268
6490	8049
6294	5351
6204	5387
5881	5690
5072	4700
6703	5422
6213	4718
6256	5094
3860	4018
5483	4840
6348	5912
5701	5225
5571	5408
6301	5542
4547	5311
5276	4800
6517	5737
5513	4443
3877	5394
2844	4156
5587	5482
5756	5122
6317	5891
6552	5264
5892	4768
4361	4273
5157	4881
5932	5352
6130	5361
6400	5104
5875	5236
5447	4857
5840	5231
5409	4868
6696	5148
5692	5208
4939	4923
5720	4919
5979	5563
5315	5050
4057	4535
5986	4966
5518	4663
6433	5804
3011	4260
5465	5520
6099	4837
5429	5171
6268	5215
5820	5195
6289	5433
5639	5218
6585	5373
5372	5325
6122	5413
5891	4918
6071	5071
6027	5342
5592	4779
6405	5770
6067	5197
5528	5092
4536	5903
5713	4977
4855	4523
5568	5200
6072	5157
5875	5348
3079	4122
2934	4202
6751	6131
6079	5085
5889	4777
4991	5210
6454	5149
6254	5657
6299	4557
5886	5274
6038	5558
3310	5418
5730	5387
4585	4687
5135	4652
3054	3368
6112	5017
5678	4595
6257	5562
6753	5619
6269	5793
6472	5676
6319	5097
5694	5023
4340	4081
5728	5348
6068	5713
5832	5008
6570	5793
5178	4496
5642	4940
5751	5249
6287	5379
5868	5331
6278	5694
5623	5484
5792	5909
2948	4366
5713	5322
3752	4423
5363	4885
5422	5231
6444	5530
6012	5294
5988	5127
5380	4493
6002	4849
6159	5512
6190	4996
3527	4564
5953	5281
6042	5263
6344	5768
5722	5201
4155	4603
5257	5150
5836	5500
5929	4968
6460	5013
6424	5836
6576	5476
6046	5840
5824	5112
4626	5281
6254	5659
6369	5236
6150	5781
6533	5810
5552	5433
6601	5449
5817	5324
5404	5261
6671	5810
5889	5922
3822	4163
6056	5250
6221	5381
6251	5430
5303	4885
5361	4735
5625	5444
6365	5270
5715	4916
5690	5110
6009	4809
5841	5000
5652	5084
5898	5192
6300	5708
5375	5458
5850	5513
6061	5643
6210	4616
6278	5310
5710	5130
5698	5325
6087	5337
5476	6137
6181	4834
5527	5353
6104	5127
6127	5095
5233	4758
3173	4410
5851	5165
5899	5329
4694	5133
6486	5403
6364	4717
6059	5414
5520	4965
3225	5032
6291	5578
6346	5245
4604	5893
6139	5303
3977	4552
5129	4902
6154	5454
5693	5460
5841	5695
5571	5309
5783	5015
5892	6413
6117	4980
6195	5335
6366	5267
4215	4542
6187	5739
5809	5465
4541	4952
5689	5225
4703	4931
5698	5199
4698	5252
6560	5623
5821	4804
6394	5803
3983	4763
6463	5232
4627	5405
6234	5884
6237	5522
5358	5165
6201	5410
5999	5633
5943	5423
6410	5603
5818	4446
5785	5037
5399	5089
5225	5657
5590	4679
6213	5827
5961	4825
6297	5332
5828	4830
3451	4192
5777	4966
6281	5615
5912	4433
5739	5534
5817	5678
5805	5565
6279	5337
5294	4643
6509	5366
4787	4767
5746	4911
6050	5397
4406	4221
6187	5554
5384	4674
5835	5239
5612	5288
5363	4879
6667	5327
5864	5381
5879	5354
5898	5338
6236	5429
5127	4694
6001	5034
3161	4108
6543	5534
6069	5028
5670	5955
5176	5397
4742	4615
6143	5568
4180	4822
3280	4242
6750	5920
5040	5118
5265	5666
5900	5116
5710	4980
6714	5794
3926	4250
6417	4645
6365	5586
6763	5939
5721	5238
6003	5159
6174	5854
6152	6854
5278	5198
4131	4157
5134	4714
4792	5151
5802	5308
6667	5255
3687	4741
5524	4966
6518	5635
4119	4395
5321	4827
5445	5371
6045	5017
5319	4802
5216	5395
6394	6047
5831	5247
5065	5461
6117	5442
6460	5210
6410	5719
6006	6182
5460	5739
5367	5467
6200	5535
6220	5659
6172	4825
6370	5754
5247	5114
4350	4463
6132	5258
5276	4677
6535	5917
6371	5175
5658	5012
5258	4641
5334	4928
3945	4945
6056	5322
6092	5899
5605	5013
6077	5142
5700	5220
5474	5358
6220	5793
5931	5224
4644	4917
5496	4832
6180	6046
3717	5310
5402	4989
4985	4547
6148	5214
5707	5181
5849	5257
5110	4578
5550	4833
5924	5589
5916	5568
2266	4030
4379	5053
4601	4548
5777	5068
6443	5808
6023	5846
6589	6043
6262	5307
5820	5140
6047	5206
5997	4466
6134	5612
5970	5153
5564	4664
4700	5021
6328	5428
5734	4857
5836	5070
5947	5133
5801	4943
6735	6127
4068	5138
5835	5328
4013	4661
6039	5011
5136	5094
4942	4283
4078	4474
6307	5701
6110	6360
6050	5882
5636	5226
5469	5659
5263	5032
6621	5516
5706	5316
5735	5156
3583	4387
6136	5310
6247	5182
5463	4940
5563	5836
4427	4535
6257	5069
6337	5428
5694	4988
5526	5369
5316	5081
5361	4836
5104	4397
4463	4755
6171	5626
6048	5224
4437	4654
6436	5687
5753	4971
5379	4295
6005	4852
4946	4912
6293	5144
3464	5235
6509	5671
5816	4999
6425	5737
5676	4998
5500	4990
5920	4858
6067	5378
5562	5318
6380	6136
6587	5191
6373	6321
5704	5258
6302	5480
6631	6167
5493	5024
6297	4878
4610	4631
6619	5782
4216	4422
4868	4990
5170	4771
2851	4213
5548	5668
4355	3811
5364	4864
4981	5042
6403	5137
6240	5518
5363	5076
6313	5388
5816	5155
6457	5435
5609	4770
6659	5814
5635	5288
4086	4969
5347	5489
2913	4814
6517	5491
4758	5027
5642	5789
6119	5266
5875	5273
5878	4436
6148	4348
4821	5177
6334	5618
5792	5609
5008	5554
6480	5585
4519	4338
5925	5750
6183	5706
5197	4505
6004	5503
4536	4987
6112	5588
6220	5350
5398	5016
6055	5464
6427	5668
5402	4565
5030	4988
4612	4996
6223	5468
6497	5800
5961	5480
6212	5033
5008	5018
6526	5555
5220	4830
6414	5575
6209	6786
6679	5956
6398	5127
6614	6134
3630	4371
4146	4823
5953	5422
4816	4965
5443	4896
6244	5581
6026	6004
5863	5391
6139	5845
4684	4486
6544	6352
6058	5340
6113	5430
5866	5300
4531	4685
5675	5273
6081	4767
3989	4876
5355	4613
5987	5270
6265	5367
6005	5109
6306	5001
6899	5458
6198	5295
5584	4992
6295	5505
6628	5820
5973	5229
5732	5200
4464	4092
5713	5415
5316	5074
5467	5137
6119	5578
4686	4918
5907	5714
6520	5811
5285	5128
6128	5396
6060	5206
3889	4992
5950	5264
6681	5589
6493	5968
5870	5118
5192	5557
4702	4982
4027	4740
5886	5039
5622	5016
5830	5111
6480	4626
6321	5443
6370	6088
5770	4848
4486	4312
3917	3887
6087	5515
6549	5545
5576	5142
3784	4662
6042	5472
4329	4804
5543	5228
5594	4739
6238	6151
4880	5310
5602	5073
4261	4659
5859	5160
5865	5179
5431	5125
5379	5163
6042	5825
4842	4315
6380	5640
6398	5432
5687	4760
4983	4450
6181	5671
5693	5376
6533	5606
5853	4871
5932	4510
4566	5066
6593	6270
5559	4852
5557	5402
5826	5574
6821	6299
1111	2545
4980	5223
6429	5556
6037	5263
5282	5011
5350	5127
5839	5400
6604	5622
5243	5152
5467	5424
6077	5156
5406	5339
5896	5169
5107	5358
3264	4150
6331	5803
5762	4987
5325	5142
6426	5205
5572	5179
4319	4110
5521	5801
4857	4408
5238	4555
5314	5343
4136	4847
6183	5039
5983	5057
6033	6112
5904	4955
4463	4104
5978	5293
5882	4564
5786	4755
5551	5601
6283	5377
5302	4954
6227	5207
5210	4924
5967	5576
6529	5576
5098	4676
5973	4761
5673	5315
6055	5418
6242	5253
5748	5593
6442	5340
6029	5246
4462	4630
5755	5295
5524	4856
5938	5011
6053	5251
6593	6171
6108	5212
6198	5076
5872	5330
5618	5344
6144	5043
5971	5693
6400	5712
6397	5640
6044	5315
6137	5028
5797	5593
5380	4724
6089	5351
6480	5426
5725	5366
6335	5786
5120	4692
5769	4928
6174	4989
5408	4818
2698	4364
5839	5292
5807	5488
5021	4767
5708	5381
4308	4743
4883	5541
6060	5431
5602	5204
6403	5622
5636	4333
4570	4385
5657	5208
6127	5428
5907	4609
6077	5904
5386	4802
5707	5443
5787	5387
5717	5244
6002	5777
6184	5773
6197	5363
4237	4774
5613	5296
6256	5450
6009	4925
6377	5646
5750	5308
5874	5350
5319	5303
5629	5098
5655	4839
6024	5208
6091	6217
6550	5988
6097	5554
3690	4317
5173	5260
6058	5158
3437	4355
6387	5683
6669	6536
6379	5451
6471	5650
6265	6168
3079	4329
5040	5079
5858	5187
4108	4020
6121	5315
5573	5102
6141	5176
6009	5390
5387	5099
6169	5416
6034	4497
6143	5377
6269	5764
6231	5274
6446	5458
6758	5754
5585	5437
4805	4732
6505	5938
4071	4194
6345	5739
5556	5281
6363	6015
6195	5570
4820	4938
6276	5799
6432	5834
4820	5131
5235	5161
6281	5253
3925	4621
6564	5428
5947	5756
5636	5029
5645	4907
5386	5495
6709	5269
6075	4817
5848	4855
4774	4659
6053	5098
5202	4974
5937	4639
5820	5269
6037	5199
5942	5080
5267	4965
3729	4867
6004	5296
6241	5356
6096	4954
5468	4995
3640	3945
6184	5379
6679	5759
5587	4978
6145	5740
6043	5378
5948	5449
5690	5034
5103	4690
5704	4844
5755	5601
4478	5021
6463	5717
5365	5801
6237	5699
6024	5248
5788	4957
4426	4111
3602	4953
5341	5022
5244	4543
6300	5664
5423	4791
4076	5330
4309	5049
5979	5041
5781	4932
3994	5019
4261	5093
6056	5167
4004	3867
4628	5279
5409	4558
5204	4505
5281	5477
5896	5003
5781	5795
6100	4981
5991	5017
5981	5328
6034	5643
5930	5537
5792	5516
3681	5561
5522	4768
5979	5593
4888	4727
5984	5448
5926	5008
5862	5349
5407	4891
6197	5638
5996	5471
5745	5412
5811	4976
4994	4402
6006	5766
6111	5928
5994	5191
3589	4823
4135	4098
6005	5681
5314	5269
5392	5657
5577	4865
5882	4829
6167	6754
6591	5851
5518	5437
5649	4930
5779	4989
4342	4957
6666	5352
6527	5437
3943	5296
6576	6400
6113	6089
5800	5814
6260	5585
6663	5980
5942	5539
5885	4917
4873	4359
5649	4657
6129	5449
6107	4302
2690	4410
6549	6161
5475	4996
5912	4777
5824	5592
3098	4483
6436	5501
6004	5082
4872	4848
5980	5044
6265	6110
5333	5045
5652	5299
5938	5066
6432	6072
5932	4892
5539	5185
6218	5416
6009	5262
4750	4880
6184	5549
4670	4546
6202	5751
6580	6113
5953	4934
4744	4199
5985	5000
6393	6509
6118	5161
6216	5413
4215	4441
6627	5476
6664	5735
6548	5448
6888	6148
4905	5086
7044	5884
6317	6186
7260	6140
7148	7318
7223	5885
6117	6144
6797	6240
6852	5535
6695	6372
7279	6740
7570	6633
5909	5769
6381	5734
5325	5189
7132	6612
6387	5221
6379	5435
7404	5684
7339	6440
7107	6050
6654	6083
6679	5709
6882	6391
5731	6762
7506	6463
7221	7139
6578	5867
6964	6465
7012	4657
7153	6587
6954	5581
7382	6937
6812	6262
7056	5951
6666	5839
7408	6705
5910	5780
6693	5941
6381	5948
7298	6617
5745	5370
6391	6111
6350	6278
7216	7250
6598	5946
6469	5853
6846	6125
7094	6331
6459	5972
7146	5655
7298	6607
7303	6294
6246	5609
6785	5579
7397	6194
6255	6096
6611	5945
6374	6507
6929	6140
6808	6093
6966	6045
5784	5531
3878	5805
6602	5616
7076	6787
7460	6772
6431	5654
6095	6044
6167	5640
6788	6061
7353	6982
6400	6577
6666	5917
6436	5791
3346	4862
6770	6551
7215	6350
7394	6749
6185	6026
6682	5649
6541	5065
6390	5614
7036	6488
6578	6158
6961	6829
3186	4697
6131	6208
6640	6680
6460	5684
5052	4852
6035	6504
6357	4805
7021	5626
6963	6113
6664	5782
6833	5286
6956	5801
7902	6278
5992	5807
6489	5026
6899	5179
7260	7209
7013	6682
6767	5813
6965	6613
7635	7754
6275	5783
6205	5407
5480	5231
7264	6213
7118	6189
6439	6146
7154	6007
6398	5339
7237	6513
6551	6494
7643	6695
6152	5833
6646	6087
7004	6468
6909	5899
6889	5817
2694	4773
5430	6812
6909	6036
7273	6026
6755	6089
6570	5411
7137	5800
6603	6159
6675	6117
6767	6105
7086	5757
6755	6080
6911	6421
4072	5188
7369	6180
7441	7950
6688	6598
5798	6044
5062	5164
7077	6558
5779	6222
6986	6363
3886	6198
3652	4812
4808	4985
6579	5704
6269	5687
7245	5912
6967	6020
5636	5795
6643	6084
5947	5957
6457	6005
6907	6505
4764	5076
6804	6171
6741	5840
7174	5920
4465	5292
6691	6124
6628	6044
7303	6325
6980	6430
6694	6076
5839	5543
6732	5923
7181	6245
5562	7100
5647	5324
7045	7059
6630	6576
6926	6716
4638	5556
6879	6054
5646	5863
6682	6432
7220	6269
5545	5984
6043	5364
5930	5402
7407	7081
6888	6422
5471	5820
6747	5894
5383	5374
4950	5509
6616	5766
4488	5638
5312	5564
6415	4999
4410	4875
6438	5833
6461	6235
5896	5683
6467	6467
3996	4707
5641	5837
6765	6398
6564	5916
6435	5529
6938	6796
5881	5559
7143	6118
6549	5828
3086	5160
7416	7092
5801	5033
6537	5334
4605	4821
6877	5560
7696	6334
7416	6501
5650	6049
7806	6656
5633	5352
6681	5951
6755	5783
7189	5485
7445	6600
6289	5861
7119	6668
6567	6520
7639	6462
5670	5753
7213	6161
5610	4748
7175	5647
7017	6269
6227	5765
4592	5659
5428	5650
6441	5888
7650	5962
7430	6682
5619	5966
7397	5910
4242	4950
4793	5307
6344	5872
6968	5896
6859	5982
5539	5636
7169	5739
6847	6668
6133	5577
3744	4692
4903	5024
7374	6290
5937	5446
7016	5459
6574	5536
3696	5384
2858	4186
3885	5114
7316	6087
6993	6313
7315	6458
6849	5625
6272	6062
2711	4818
6653	6113
6349	5477
6818	5759
5400	4983
7583	7176
4926	4680
6622	7917
6484	5550
5235	5416
6804	6174
7203	6155
5401	4694
7203	5358
7343	6290
6400	5668
5331	5214
6775	5936
7161	6291
7301	6342
6864	5517
7380	6016
6771	5912
6621	5668
6660	5986
6595	6126
6930	5971
7128	6334
6342	5671
3866	5273
6606	6634
6255	6147
6320	5772
6180	5904
7654	6498
5478	5531
6403	6165
6711	6229
6828	6483
5484	6191
6387	6177
6039	5258
7221	6562
7508	6829
6212	6212
5300	5359
6778	6098
7179	6743
6835	6030
7499	6577
6897	5858
6295	5658
7507	5974
6707	6223
7050	5884
5537	5334
6695	5910
7202	6438
6799	5966
6516	5535
6906	6230
6853	6154
6395	5923
6037	6190
6585	6084
4783	4990
5702	5639
5819	5368
7455	6693
6760	5961
6437	5594
7048	5670
6385	5773
5576	5376
7385	6499
7337	6363
4633	4927
5808	5270
7205	5918
5871	5582
6600	5814
5048	5150
6261	6255
4592	4732
5497	5985
6662	6110
6748	6431
7558	7439
6801	6327
4828	5551
6593	6004
3991	4737
5204	5428
6451	5806
6761	5193
6690	6264
7255	6566
6732	6743
7467	6266
5729	5348
6645	5824
7339	6276
4947	4980
6547	6053
6753	6287
6801	6234
6879	5808
7463	6367
6803	6300
6164	4859
2393	4173
6489	5763
6531	5689
4268	5215
6758	5787
6308	6019
7157	6737
5374	6043
7511	6893
6462	5903
5184	5532
6935	6457
7057	5855
5487	5265
7267	6174
7369	5781
6576	6043
7516	6361
6866	5409
7358	6307
6603	5546
7296	6988
5718	5226
6710	5918
6703	6301
6780	6341
7644	6610
6639	6276
5305	5406
7451	7395
6778	6420
6067	5833
7276	6534
6750	6242
6536	5827
6572	5813
5827	5461
6496	5356
7020	6182
6659	6613
5850	5433
4354	4412
6003	5911
4678	5501
6427	5864
6743	6164
6797	5956
6890	5941
7462	7238
6182	5989
7133	5961
5534	6055
5432	4900
4963	5254
6813	6957
6817	5495
7215	6507
3783	6186
6924	6189
6858	6623
4613	5205
4631	5556
7249	6621
7156	6067
5336	5775
6943	5889
5196	4680
6909	6020
7064	6365
6744	5541
6570	6152
6604	5967
6987	7097
6463	6006
7325	6086
5110	4886
6439	5804
6441	6081
7213	6467
6514	5652
6711	6230
6387	5641
6793	5928
7303	6286
6644	6699
6409	5839
4857	5640
7139	5925
6771	5962
7500	6570
7175	5775
6101	6420
3319	4965
7501	6935
5939	5883
6741	6049
5125	5308
6244	5315
7071	5970
6504	5821
6848	6606
6817	6227
7668	6069
6678	5761
5088	5504
7546	6217
7172	6287
7261	6231
7185	5830
6984	6301
6776	5436
6964	6136
6257	5919
7347	6645
6981	5540
7224	6058
6820	5599
7034	6804
6058	6315
6688	5669
6793	6161
6423	5793
6882	6081
7000	5991
6539	5358
7462	5193
7069	6211
6765	6135
4971	5508
7471	6323
7403	6717
6752	6226
6858	6877
5903	5413
6953	5822
6904	5868
6927	6452
6502	5777
7184	6390
5223	5348
7404	6560
7431	6749
6377	5908
5721	5693
6848	5251
6101	6133
3777	5446
6793	6091
6854	5885
6685	5868
5286	6220
6583	5538
6950	6770
7007	6036
7287	6390
7277	6673
7296	5509
5320	5461
5902	5778
6991	5894
6713	6017
5637	5866
6847	5809
7366	6022
5097	4944
6616	5752
7489	6165
5447	4830
7354	6252
6795	5912
4413	5401
7207	5990
5388	4895
6562	5646
6784	6409
7422	6561
6482	5931
7607	6350
6702	5901
5756	5222
6942	6350
6367	5304
6917	6767
6522	6425
6964	5374
5150	5537
7469	6359
6697	5216
7028	5858
6981	6469
5330	5485
6978	6233
7196	6133
6320	5275
7135	6249
3300	5316
4716	5653
6418	5706
5668	5664
6731	5793
6643	6298
6351	6257
7314	5791
6506	5945
6775	5740
7235	6450
6235	5759
7094	6011
6964	6859
6341	6295
7290	6462
6466	5431
6663	6077
3815	5104
6580	5528
5025	5734
7261	6413
7422	6754
7492	6590
6562	6230
7473	6583
7409	6465
6782	5326
7042	5739
5440	5342
7299	5719
5893	5926
5299	5332
6779	5685
7341	6315
5832	5805
6044	5413
4427	4451
5282	4814
5819	5348
3853	5309
6400	5844
6405	6267
6184	5658
7117	6388
6411	5494
7269	6891
7236	6099
5429	5756
7040	6097
5104	6264
6667	5993
7359	6618
7056	6057
5293	5445
4290	4576
6403	5686
6689	5786
6931	6471
6013	6455
6605	5650
7443	6188
6597	6187
6545	6507
6549	5132
6006	4953
7480	6384
6935	6619
6757	6305
5832	5534
7745	6021
7556	7106
5305	6230
5847	5798
3011	4700
6351	5885
7257	6433
6597	5666
6750	5720
6683	5378
5473	5385
6242	6255
7029	5845
6802	6445
6142	6196
6891	5849
3813	5301
7216	5991
7525	6754
7216	6350
6554	6086
7157	6072
7449	6013
6928	5886
6869	5843
3623	5603
6392	6264
7523	6657
6979	6292
5848	5416
7429	6989
5745	6096
7268	6341
6996	5806
6623	6026
7058	6302
7175	6236
7388	6011
4903	4822
6338	5901
3488	5381
6647	6306
6381	6155
7189	6975
4603	4809
6889	5321
7140	6455
4482	4919
7037	5997
6724	5105
3867	7945
5824	6443
6085	5448
7420	6561
3794	5082
7536	6843
6671	5621
7503	6328
6836	6079
5127	4704
6945	6107
7237	6466
7139	6166
6983	5428
5790	6225
6671	5536
6834	7055
7331	6127
7704	6052
3609	4474
7077	6073
6418	5898
7152	5663
6659	5643
7171	6117
7464	6466
6797	5765
7556	6314
7430	5892
6796	6367
6813	5844
6991	6441
5448	4907
7034	6720
6799	6175
7227	6347
5164	5343
6581	5914
7124	5898
7067	6526
7703	6673
7257	6245
6352	6048
6393	5257
7486	6314
7355	5962
6513	5689
6550	5730
6755	6164
7617	6257
6541	5909
7053	5873
6693	5856
6462	5741
6360	6056
7181	6603
7834	6490
7020	6157
6452	6184
7381	6566
6612	5449
6861	6675
7299	6095
5781	5394
6021	6090
6130	6013
5665	4831
6715	5185
6025	6095
5127	5276
7196	7366
6994	5992
5678	5812
6163	5851
6245	5088
7283	6110
7521	5628
7042	6143
4198	4123
4769	6361
6296	6091
7297	5959
5216	5276
6609	6063
7343	6861
7370	6550
7189	5982
7665	7030
7643	6388
7293	5982
7132	5847
6995	5899
7014	6162
6918	5651
6483	5885
7347	6318
6924	5757
6944	5781
6434	5108
5945	5938
6505	6122
2937	5193
6674	6969
7296	6355
7816	6460
4303	5534
5000	5432
7447	5780
5024	5819
7281	5940
6913	5654
5755	4697
6906	5899
7069	6441
6384	6026
6751	5719
7165	6370
7254	5819
2857	5161
4206	5137
6729	5378
6531	5699
5890	6133
6844	6072
7169	6609
7224	6337
4730	5173
4479	5033
6764	6314
7123	5867
4750	4442
7139	5877
6039	6237
6709	6366
7648	7145
6240	6152
7491	6322
6303	5349
6179	5709
6484	5409
6492	5835
7083	6659
2558	5044
4502	4679
6907	6024
6677	5402
7620	6102
3496	5281
6070	6662
7229	6633
7088	5381
6420	5857
5826	6067
5197	5192
6350	5922
6213	5540
6933	6557
6182	5089
7020	5890
6330	5539
6442	5452
6206	5866
6599	5683
6345	6075
7052	5928
6901	5846
6057	5825
5349	4949
6464	5999
6865	5612
6440	5666
4531	5162
6917	6062
5013	5265
7103	5962
6738	6384
7084	5880
2511	4919
7031	6365
6879	6082
6801	6260
7172	6307
4190	5698
6493	5673
5828	5405
5658	4891
6096	5545
6960	6114
5865	5644
6408	6166
7282	6452
6094	4768
6979	5686
6748	6582
6700	5926
5447	4905
7163	6438
5277	6183
6077	5968
7035	6415
4430	5893
7122	6156
7113	5927
6440	6404
7087	6944
6621	5710
6144	5747
7388	6426
6849	5553
4853	4628
7546	5990
6937	6246
2813	5050
5557	4850
6640	6574
5693	5365
6339	5566
6220	5647
6033	5461
6242	5813
6954	5668
7171	5409
7324	5866
7440	6499
5963	5202
5727	6115
6879	5809
6535	6027
7369	6768
6171	5263
442	4848
6730	5823
6715	5808
7597	5979
6939	6238
6710	5971
6219	5588
6687	5604
7542	6336
7431	6010
6494	5627
6242	6188
6743	5376
6699	5896
6196	5829
6677	5591
6990	5876
3770	6180
6348	5693
6979	5904
7709	6128
6992	6236
3467	5325
7072	5612
6458	6236
7347	6456
6275	6487
6581	5609
5843	6014
7018	6774
7521	6367
6897	6075
6534	6902
4289	5087
7605	6339
6564	5627
7307	5610
7162	6251
6542	5829
6614	6395
6928	5904
6901	6172
6108	5604
6734	5839
6950	5690
5439	4705
6410	6317
7269	6083
6498	6103
6893	5824
6251	6431
6555	6576
6063	5429
5404	6015
6212	5799
4261	4897
5694	4941
6919	5429
6477	7680
7148	6275
6959	5962
7184	6002
6963	5932
7163	6112
7181	6484
6697	5935
6898	6714
5176	5157
7166	6355
7453	6127
5728	6209
6461	6578
6253	6252
6628	6230
7623	6789
6818	5759
7146	6533
6756	6079
7621	6000
8191	6872
7647	6782
7449	6364
6849	7263
7599	7355
8598	7762
7698	6880
7740	6468
7247	6537
7715	7234
8191	7281
4743	6720
6384	5550
7685	6775
4056	5686
8229	7237
8157	6493
7402	5613
6785	5823
8037	7192
8008	6384
7905	6283
7283	6387
8328	6699
7786	7381
6976	6722
7850	6919
6966	6255
8107	7340
5662	5166
7735	7084
7438	5911
7910	7237
7549	7423
5994	5478
8166	6754
4349	6084
7348	7140
7980	7000
5898	5887
8131	7066
5779	6400
7807	6219
7072	6838
5131	5851
7896	6263
7764	7201
8111	6706
6989	6327
7815	6590
6411	6978
7748	6861
6863	6340
7822	6547
6652	5677
8134	6944
7598	7076
7930	6533
6391	6700
8209	7282
7804	7339
8505	7712
7582	6709
8710	6852
6140	6167
6794	6136
7704	6031
8458	7343
7906	6511
7836	6238
6495	5492
8466	7983
7873	6826
4810	5736
8377	6832
7448	7028
8107	6972
8079	7106
6799	6439
7909	6480
6310	6761
7854	6847
7851	7266
6031	6602
7182	6241
7089	6589
7994	6948
7719	7645
5632	6189
8442	7423
7742	7008
7573	7473
8073	6415
6480	6934
7425	6833
6057	5698
7872	6532
8610	6579
5435	6051
7359	6194
7939	7337
7866	7050
7806	7126
7422	7373
3925	5545
7743	6475
6032	6713
7995	7291
7110	6029
6316	6032
7467	7191
6255	6463
7138	5981
4002	5649
7796	6582
6999	6284
8104	7593
8572	6733
5840	6647
7742	6603
7320	6277
7300	6733
8069	6389
8439	7487
8723	7346
8327	6971
8273	6886
7637	7534
8114	7503
6531	7053
7728	5947
7936	7257
8672	7748
7869	7944
8444	7363
7213	5983
7395	6487
7144	6787
6587	5679
6258	6040
8320	7571
8705	7429
7841	7156
7620	6287
7792	7037
7215	7137
4983	5724
7109	6816
7178	6911
7819	5900
7754	6600
7016	6366
6833	5848
7915	7214
7580	7301
8263	6914
7267	6527
6395	6097
8038	7229
5696	5823
6436	6149
7861	5936
6261	5646
7975	6672
3911	6143
7400	7216
6286	6136
7437	6885
6083	5987
7721	6131
7085	6880
7191	6886
8154	7586
7698	7212
6463	6458
5942	5981
8509	7390
6679	6475
7441	7030
7409	6779
4993	5926
8101	6740
6944	6181
6909	6769
7570	7898
7097	7112
6911	6629
7680	6162
8049	7672
7670	7377
8069	6812
7409	6844
6970	6564
4461	5819
7754	7553
6607	6186
7709	6486
7895	6359
4734	6444
8620	7935
7838	7052
8069	5710
5040	6528
7692	6845
6732	6441
8682	6910
8438	7341
7682	6275
8217	6871
8540	7442
5699	6096
7271	6307
7778	7285
8289	7297
7886	6791
7836	7209
8068	6557
8002	6767
8594	7183
8287	7482
5397	5889
7761	5900
6645	5944
8093	6737
7812	6457
6454	6215
7853	7566
7288	7264
8172	7160
8565	7558
7755	6965
5729	5773
5832	6414
8585	6165
8222	7433
7871	6804
6797	6331
7319	6296
7191	6465
7261	6997
8009	7317
6756	5966
7957	7530
8289	7636
8466	6992
8190	7816
8374	7454
4780	5121
8608	7897
7641	7945
6966	6062
6265	6029
6593	6237
7667	8743
7956	6490
8251	6848
8041	6139
5606	5890
7191	7060
8409	7485
7289	6668
6319	6804
3358	5895
7957	6824
7421	7577
6710	6271
8474	7954
7443	7134
7221	6154
8139	6402
6212	6146
7856	6624
8202	7265
8166	6951
6920	6197
7632	6514
7494	6375
7765	6929
7414	6411
8383	7249
7603	6934
8146	7294
7085	6991
7316	6124
6908	5816
8426	7209
7012	6294
8475	7102
5790	5506
6912	6475
6364	5604
6447	6015
1241	4112
7627	6136
6114	5950
8156	6615
6697	7220
7694	6179
5874	6276
5224	6671
6939	7056
6032	5427
8302	6787
8228	7285
8245	6668
6222	6497
7979	7628
4160	5309
7741	7707
6426	6827
7612	7479
7914	5794
7610	6481
8099	6865
8395	7242
7337	6507
8164	6946
7948	6617
6507	5723
8406	6818
8180	6679
6808	6836
7320	6753
7943	7792
7538	6192
5796	5620
7478	7155
7972	6845
5286	5199
5549	6356
7758	6700
7051	6436
7971	6569
7134	6501
7746	5859
7425	7269
8321	7453
7330	6249
7058	7228
8344	7565
7829	6917
7767	6879
5868	6767
6944	7226
7103	6729
7895	6363
6727	5856
7486	6846
5648	6430
7956	7503
5012	4502
7413	7468
6511	5461
7632	6891
7196	6382
8421	7153
6372	6518
7786	6326
7155	6439
5915	5959
7813	6625
7518	6550
7068	6965
3045	6067
8431	7216
7233	7052
7383	6018
6606	6145
6786	6329
7438	7531
6905	6922
7123	6958
4475	6215
6271	5320
4731	6966
7952	7605
8049	7442
6693	6493
7652	6844
7517	6893
4225	4789
7362	6551
7677	6897
7575	7036
8496	7173
7091	6957
7852	6328
8155	7260
4648	6416
6541	6524
7898	7282
8537	7036
8607	6806
8476	6721
8518	6387
8557	7408
8485	7269
7555	7250
5370	5929
8221	6929
7390	6714
5824	6337
6183	6074
6746	7195
7858	6960
7890	7173
8365	7651
5864	6318
8067	6597
7847	6128
7560	6384
7427	7027
8101	6989
7792	6668
7779	6782
8261	6955
7700	7360
6899	6338
7819	6435
7287	6684
4316	6003
8145	7509
7896	7064
8115	7425
7907	7242
5672	5798
8442	6492
7801	7062
7716	6995
7858	6286
8073	6981
8182	7039
7659	6393
7377	6177
7663	6714
6747	6029
8164	7244
7721	7099
6962	6002
7695	6123
7574	6740
8018	8050
7898	7697
8069	6837
7515	7183
7724	7088
6868	5540
7367	7012
6180	6931
8111	8012
7576	6549
7501	6577
8262	6446
8171	7529
8730	7833
8517	7332
8192	7019
7594	6887
8404	7551
7267	6235
5880	5827
7733	7045
7269	6381
7488	6936
7555	6280
8468	7238
7993	5686
8078	6327
7578	7634
4255	6436
8007	6850
7202	6861
7161	6853
5713	5416
7623	7813
8452	7747
7453	7483
7985	6895
8118	7213
8350	7556
3072	6406
7310	6362
7624	6595
8049	6305
5757	7001
6394	6694
7896	7231
7657	7040
7761	7281
8570	7349
6482	6753
6576	6910
7722	6630
7268	6690
8100	6594
7383	6614
7908	7585
7711	6570
7472	6684
7512	6970
7978	7749
8180	7206
7666	6735
8273	7525
6441	5317
7820	6490
5866	6553
4029	4558
7109	7041
6786	7154
8077	7325
7451	6121
8201	7036
7929	6769
8051	6605
7826	7287
7123	6624
3992	4906
7297	6642
7742	6455
6585	6621
5875	6133
3980	5390
7673	6825
7600	6609
6112	6981
8060	7150
5138	5635
7024	6141
6652	6756
7286	6865
5954	6254
6748	6165
6357	5968
5343	5382
7834	6842
5703	5372
6244	5540
6093	6072
8521	7621
7641	7125
2235	6225
6998	7359
6837	6895
8524	7325
7952	6872
7144	6391
7407	6426
6067	6020
6005	6556
7590	7678
5797	5762
7558	6423
5606	4717
7680	7182
8346	7398
8048	7205
6291	6765
7719	6462
7734	6679
7972	7012
8109	7609
7861	6868
3289	5972
7011	6929
8731	7854
5579	5771
8387	7996
7043	6542
5261	6900
7576	6214
7454	7199
7804	7029
7486	7212
7688	6958
7892	6642
7831	7496
7721	6199
6767	6530
7743	7205
8184	7544
7720	7478
7364	6530
7147	6865
8015	6770
3917	6004
4701	6351
4149	5922
7789	6872
6289	6410
5918	5971
7650	7156
8452	8243
8036	7412
7516	6444
5149	5349
7680	6905
5663	5828
8433	6550
6771	7047
6509	5438
8250	6964
7714	6261
7657	7016
8358	7087
5720	6210
7404	6929
7723	6101
7749	6601
7469	6726
7598	7016
7906	6150
5932	6009
7684	6793
7766	6666
8407	6566
8066	6855
8331	7090
8255	7159
7125	6454
6824	6421
8120	6859
7964	6884
7858	6702
6164	5863
7858	6879
5866	6816
6312	5990
7819	7644
8248	7488
8152	6795
6270	5835
8207	7373
7998	6953
7801	6650
4253	5623
7591	6961
7629	6661
7879	7659
7608	6713
7436	6847
7183	6548
7650	6427
7787	6530
7050	6803
7861	7314
7659	6832
8135	5955
8334	8003
8116	7104
5580	6131
6746	6622
7525	6373
7865	7268
8352	8013
6374	6765
7400	6883
7744	6134
7864	6792
6332	6087
7942	6614
7458	6810
7947	6513
6132	5943
6852	7290
8234	8076
5890	5519
7104	7132
7951	6454
6201	6550
7519	6841
7689	6912
7505	6734
7074	7252
6173	5752
8012	7081
6645	6068
6478	6287
7813	7001
7248	5988
8291	7535
5802	5738
5456	5761
5561	6711
8470	7238
7618	7101
6593	6078
7556	8020
7300	5492
8032	7848
7875	7086
8237	7005
7726	7083
8537	7672
6747	7275
8009	7936
3110	5824
8517	7560
6093	6419
5721	6842
7571	6756
7767	7041
6785	5891
6954	6021
6899	5789
7674	7118
7843	6280
6249	6346
8448	7711
7006	6679
7798	7256
8095	7149
4287	6651
7847	7173
7149	7478
7851	7689
4882	5953
8251	6237
3555	5343
8309	7329
8318	6644
4556	6329
6889	6119
8372	7635
8079	6849
5762	6355
7138	6573
8201	7946
7680	7085
7696	6134
7860	6836
7975	7121
8205	7593
4251	5693
6056	6645
7921	7591
6582	5614
8002	6620
5424	5866
6809	6937
7868	7014
7472	6754
5265	5975
8019	6623
8386	7437
6910	6377
6604	6450
8321	21547
7333	6389
7324	6680
4796	5105
4208	4112
7683	6614
7234	6078
7462	7004
7023	6303
7376	7425
7317	6993
8166	7851
8223	16150
8247	6679
8018	8115
6258	5488
7647	7006
7476	6192
4657	6127
8256	7106
8555	7076
8649	7118
7780	6659
8006	6537
8518	8592
7483	7141
7330	6917
7644	6795
7601	6380
7778	6624
7692	7112
6990	6874
7481	6511
4378	5400
5913	6483
6473	6272
7964	6865
5300	5949
8152	6987
8329	7887
8034	7561
7354	6771
7607	6843
8096	7392
8263	7798
7211	6919
6726	6028
7863	7464
7867	7508
7218	6374
8227	7166
6357	6038
8100	6855
7759	6858
7314	6939
7377	6954
7690	6644
5071	6083
7506	6194
4852	6186
8108	7684
6717	5486
8257	7368
6637	6877
5103	5675
7615	7445
6726	6322
7940	7371
8457	7071
7798	7738
7368	6980
7832	6534
6686	5863
5296	6335
7534	6928
7813	7563
6586	6975
5339	6203
5715	4849
5739	5875
7493	6784
7631	7210
6911	6560
5496	6382
7765	6412
6941	6451
8429	7060
7454	6887
4582	4913
7930	7195
7472	7476
6278	5832
7092	6274
6724	7142
8323	6628
8318	7383
8390	7531
7713	7110
7926	7251
7365	6823
7912	7729
3769	6211
7986	7204
6561	6680
7259	6654
8234	6527
7173	7089
7708	5743
8683	7658
5879	5031
7916	7806
7634	6745
7614	6587
8357	7060
8115	6891
7269	6942
8165	7047
8036	7123
7856	6396
6708	6397
7762	7138
5510	6348
7911	7182
7528	6340
7599	6716
6366	6099
5243	5264
7946	7594
8150	6374
8433	7300
7224	6518
8129	7697
7812	6608
7902	7466
7498	6763
7742	6460
8383	7852
8340	7843
5695	6358
5220	6038
7767	7307
7818	6628
8541	8155
7732	6561
7632	7204
7913	6898
7672	6605
8192	7205
7871	6746
8091	7297
7532	6769
8100	7171
8379	6963
7447	7199
8430	7221
7906	7993
7627	7171
4857	6591
7859	6628
6873	6341
8104	7239
7176	6991
7113	6017
3750	5509
8377	6981
6737	6437
7734	7170
7911	6974
8001	7607
7973	7013
8050	7461
7917	6908
7425	7733
8459	6951
7183	6391
5895	5901
8388	7929
7654	6415
7445	6719
8061	6945
7944	6805
8192	7150
5972	6372
7678	7094
4189	6279
6668	6490
7733	7219
4638	5985
8477	7235
7995	8443
3937	4178
7422	6509
7831	7052
8080	7252
7977	6674
6966	6299
8196	7199
7579	6204
8012	7109
8301	7049
7762	6991
7700	6864
6698	6222
6760	7615
5188	6727
8283	7450
7643	6788
8414	8253
8148	7071
7703	7105
7810	7156
7790	6773
6940	6780
6721	6095
8189	6754
7099	6250
8187	7202
8015	7129
7284	6719
7898	7702
7996	7148
7831	7245
7846	6651
6809	6722
8030	6932
7162	6801
4587	5161
7307	5346
7204	7417
8205	7511
7655	7014
5700	5995
6999	6329
7887	6396
5163	5443
8277	7535
6859	6985
7905	7755
7847	7500
7382	6667
5359	6563
7279	6111
7832	6982
8065	7446
7792	6564
7905	7540
7648	6561
7975	7568
7270	6352
2816	6493
8280	6574
7828	7306
7659	6605
6568	7377
4158	6195
8313	6484
7651	6521
8790	8427
8453	8296
7674	6022
8773	6649
8558	8036
8960	7937
6879	7367
5433	6915
7819	7755
7869	7648
8355	7740
7981	6366
9220	8311
6769	7593
9420	9378
8916	8351
9316	8916
8787	8256
8417	7269
8390	7049
7195	6679
6625	5908
9444	8388
9160	8256
9456	8807
9060	7703
9104	7692
5944	6506
8059	8791
8513	7599
3889	5737
9402	8212
8266	8593
8774	8023
8837	6984
6380	7595
8695	7683
8615	8327
6041	6908
8481	8061
8792	8384
9110	7233
9064	7533
7067	6773
8656	7902
8599	7424
8587	6872
8758	7632
8212	7275
9245	7657
7610	7747
8474	7871
8351	7076
7906	7436
8789	7907
9429	8999
8909	8100
8323	7298
8604	7504
9464	8123
7121	6924
8278	7308
8835	7927
6906	7951
8661	8043
8765	7190
9271	8876
9073	8165
9010	7952
9102	8702
9103	7630
8633	7951
9234	8499
7749	7120
8731	7578
8657	8228
6529	6468
8852	7743
5244	6699
9232	8591
7498	6773
7733	7976
7505	7084
8672	7507
6847	7207
8483	7655
8280	7205
9495	8209
8902	7859
8846	7581
9124	8004
8129	8020
8758	7442
6694	6815
5647	6394
7637	6481
7369	6679
8443	7890
6258	6906
8737	8143
7738	7211
8596	7777
9055	7471
8996	8034
8159	7684
9279	8572
8829	6827
3112	4819
8416	8299
8447	7937
8391	6761
9219	8392
6874	7310
8897	7434
8826	7810
8443	8113
8658	7350
9404	8420
8033	7869
7479	8297
8749	8249
8168	7820
9523	12172
8402	7990
9269	8246
8356	7421
8813	7160
8961	7305
8722	7606
8234	8116
8771	7825
4371	6611
9480	8277
8370	8058
8314	8099
9004	8416
9043	7750
8646	6934
9377	8355
9038	7808
9234	8337
8835	8199
8531	7432
7712	7204
9328	7872
9053	7423
8366	7028
7781	6483
6875	7772
9640	9074
9030	7984
7766	7446
7916	6849
9461	8012
9035	8289
8498	7332
5984	5820
9090	7861
8974	7417
9076	9269
8684	8068
9193	8150
8854	8188
5155	4992
8463	7213
7721	7784
8104	7328
8435	7641
8004	7818
8961	6881
8156	7635
8034	7785
8545	7951
5250	6151
7514	7277
7803	7638
8784	7613
8673	7369
8836	8056
8818	7545
8478	7422
8712	6950
9165	7571
8549	6535
8117	7323
8692	7881
4812	7189
8499	7868
9758	8058
8212	7455
8637	8475
8583	7413
8658	7773
7413	7644
9060	8069
4812	6438
6155	7377
8047	8067
6162	6668
4896	5146
6414	6873
8360	6768
4873	5359
7223	7037
8788	7670
8909	7894
7959	8156
8682	8372
6615	7042
9356	7970
8760	7370
7813	7482
5103	6975
7429	6298
8670	8146
8306	7682
5848	7352
6171	6074
5382	5497
3403	5981
4095	6456
8758	8304
9064	7557
9363	7863
9285	7988
9002	8520
9044	8560
9041	7840
8723	7889
8490	8125
8993	7885
9201	8266
7226	6539
6291	7036
9317	6644
8926	7584
4910	5936
8031	7727
8579	7978
8724	7591
7161	7672
8837	8280
7618	6358
6448	6745
8006	7092
8205	7025
9061	8099
7334	6978
8342	8030
9339	7840
7009	6869
8974	7174
9082	8646
8806	8359
8796	7421
8015	7790
8224	7887
7406	7939
9868	8182
9272	8064
5697	6509
7726	7604
8876	8571
8149	7737
8342	7678
8532	8000
8594	6893
8666	6278
9229	8251
7513	7468
7111	8260
8736	7781
8381	7125
6498	7948
7499	7232
8248	6975
8584	8368
8788	7559
6796	7165
8792	7734
5690	5734
5994	6622
7239	7305
9138	8151
7121	7224
9201	8497
9472	8409
8860	7141
7848	7093
8783	7791
8772	8448
8915	7784
8664	8048
4942	6758
8116	9640
8458	7535
9192	8145
6708	7421
7999	7833
7649	7459
7104	7081
5454	6340
9196	8062
9228	7454
8901	8032
8415	7292
7866	6818
8360	7546
9381	8156
6433	6824
8698	7912
8379	8020
8003	7955
7024	6435
9457	7627
9048	8522
7067	7704
7830	7896
8488	7395
8164	7264
9077	8074
8346	7698
8702	7489
8597	8161
9245	7983
8400	7908
7693	7533
8447	7202
6631	7484
8815	7625
7751	8272
8131	7333
7987	6977
3976	6000
8672	7397
8562	7640
6498	6112
7398	7243
8734	8747
8600	7760
9128	7726
8461	8218
8462	7250
9566	8591
9301	8162
8524	7638
8418	8271
8056	7698
5724	6805
8992	9084
8504	8086
8220	7348
5151	5931
8421	7847
7212	6729
7807	7252
4771	7010
9005	7915
7178	7898
8134	7980
8634	8532
6746	7484
8886	8210
9069	8279
5163	6399
8695	7562
9155	8015
8595	7412
8703	8474
4153	6212
8957	8289
8792	7217
7146	7634
9458	8405
7995	7657
4070	4807
8415	7932
9092	8095
4261	7211
8773	8440
9093	8108
8932	8726
8543	6921
8430	7430
5754	5525
8336	7671
5727	6045
9201	7731
9165	8600
8840	7743
9080	8387
7334	6524
8594	8290
6863	6781
9231	8286
8461	8128
8956	7565
6942	7386
8787	8322
8849	8075
8728	7836
8500	7787
7720	7620
8153	7082
9023	8107
9316	9503
8352	7596
6297	5830
5155	5523
9038	6915
7220	7622
8512	7378
8624	8624
9137	7980
8923	6860
8791	8347
9120	8423
7799	7069
8918	7801
9134	7691
9414	8934
9096	8010
9104	24254
7724	6835
4837	6323
8458	7666
7638	7032
8091	7841
6432	6430
9012	7676
8761	8224
8840	6798
8680	8155
8845	7719
9024	8503
6726	6023
6889	7145
8577	8149
7312	7852
9056	7763
9429	8850
8981	7478
6332	7726
8554	7643
7306	7088
8723	7831
8395	8209
7332	7529
9287	8270
8345	8429
7579	8405
6774	6601
9595	8448
8150	6570
8775	7416
7857	7116
7992	7171
5986	6873
7148	7582
9321	8717
9149	7861
8313	7417
8590	7335
8534	9114
8531	7354
8156	8190
8802	7900
8686	7838
4634	6682
9276	8154
8088	7268
8038	7480
9263	8293
3763	6837
8119	7205
8941	8012
8053	7398
8533	7364
5914	6557
9501	7724
8684	8128
7864	8010
6752	7326
7273	8029
9091	8122
8890	7401
8991	8307
6248	6365
6584	6797
8853	8663
6963	7702
8811	7297
9490	8571
8664	8281
8032	7504
7685	8124
9218	7777
8498	7399
8915	7657
8428	8428
8439	7922
9004	8303
9216	7825
7430	6893
9297	7899
6528	7110
8545	7630
9557	8242
8676	7542
9176	6888
8325	8144
6795	6913
9358	8178
7223	6795
7164	6435
5531	6699
9162	8658
9193	7854
8042	7400
8206	7918
9078	7289
9246	8102
8270	8347
7718	7013
9398	8788
8907	8450
7991	6639
7463	7578
8335	6730
8357	7664
8393	7577
9427	7790
8114	7724
6902	6454
8475	7957
8725	8156
7419	7786
8075	7931
9549	8842
9011	8317
8651	7971
9486	7840
8717	7796
7591	7207
8638	7836
7640	7734
8968	7234
8743	7855
8493	8457
5531	5941
7885	7379
8820	7795
7879	7755
9250	7751
6176	7575
9013	7923
8816	8369
9203	8726
4769	6063
8165	7453
9303	8716
9088	7253
8660	8665
9237	9187
8184	7575
7611	7572
6321	6343
7539	7333
6910	6216
7074	6794
8880	7615
9191	9747
8117	7708
7244	6060
8696	8547
7880	7843
9377	8347
8654	8035
8157	8786
8576	7451
5763	6010
8486	8343
8066	7454
6002	7493
4378	5621
8171	7051
4447	7134
9430	9459
9564	9467
9158	8209
9077	8501
5889	6344
8501	8107
8716	7600
8905	7409
8738	8630
9330	9229
7834	7075
8785	8170
9323	9002
8769	6727
6023	7083
4323	6406
9130	7850
8871	7649
9307	8904
5364	7045
8857	7994
8396	7113
8176	7167
8802	7713
8222	7904
8828	8639
8817	6756
7966	7721
7111	7625
7458	7140
5383	7124
9476	8210
8308	7924
8846	8066
8481	8627
9183	8447
8692	8412
8879	7989
8786	7479
8783	7242
9526	8190
6242	6144
8803	6926
7856	7915
8782	8264
6405	5829
7436	6502
8247	7110
8442	7237
8453	7292
9215	8283
9444	8162
7778	7108
7081	6969
8575	7038
7875	6869
6136	7723
8013	7379
8993	8249
8433	8200
8441	8013
6982	6065
9266	8189
9063	8771
8975	7478
9296	8082
8398	7379
6213	6223
8339	6993
8951	8326
8272	7100
7980	7993
7578	8139
8325	7841
8729	8473
8469	6854
7512	6509
5987	6938
6226	7028
7297	8189
6102	6594
8835	7730
5432	6445
8541	8820
7428	6815
6376	6018
9090	7787
8419	6909
8047	7616
8671	8932
3853	5408
8557	6395
8293	8087
9492	8404
8228	7876
9017	7779
7944	7595
4606	6050
8421	7440
9033	6714
8499	7405
9308	8630
7755	7107
8859	8219
8172	7321
9432	8213
8913	7690
9445	8891
8005	6778
7753	7120
9464	8051
7506	7520
9285	7891
8190	8287
7378	6631
5878	7632
8948	8729
8329	8255
8444	7266
8840	8269
8758	7808
8297	7534
5987	6821
8948	8237
8244	8222
8659	7142
8982	8001
8687	8105
9085	9075
6206	7485
8503	8417
8222	8163
8660	7545
5890	6807
9044	8952
6844	6940
9112	7984
7887	7762
8944	8016
8203	7468
5109	6083
8840	7817
8624	7314
7754	7589
7349	7252
7677	7310
8546	7914
8799	7856
5158	5439
8417	7592
8539	7434
6900	7055
9181	8292
8460	6949
9226	7964
6839	6260
9361	8244
7901	7381
8032	6901
8710	7941
8650	8479
9491	7259
5159	6186
8492	7614
9296	7974
7255	7264
8667	7699
9315	8518
6301	6409
8498	7702
7634	7892
4357	6650
8702	7605
8406	7816
8462	7981
8538	9102
4933	6614
8790	7488
9388	9175
9017	8246
9429	9032
8497	7540
9051	7512
8564	7335
8061	6768
9110	7370
8782	7522
8261	7710
7710	7979
6890	6834
8854	7496
9242	8323
5986	5787
7289	7452
8801	7860
8615	7540
8220	7813
7992	7350
9009	8543
7563	7837
6976	6952
9322	7793
8607	7698
4274	6353
9130	8187
7823	7285
8013	7227
8963	8303
4945	5724
8369	7959
8401	6998
8488	8297
8029	7417
8727	7762
8725	7991
8782	7704
6680	7493
8587	7818
6240	6935
7389	7096
9308	7367
8831	7382
8301	7333
9117	7857
9450	8077
6233	6545
8061	7048
7885	7202
9171	8169
9362	8191
8232	7272
7386	7818
8286	7725
8914	8057
9144	7917
8814	7423
8393	7493
8925	8334
8773	7662
8594	8224
8745	8233
8843	7635
6858	6762
6377	6860
7950	7387
9132	7624
7227	8262
7683	6632
8841	8413
8415	7271
5264	7423
9203	8664
8921	7679
9106	7893
8185	7749
9204	8684
8669	8008
5156	7136
8234	7736
8830	7929
7009	6879
4625	6171
6637	7130
8746	8147
6252	6894
8355	7383
9017	8915
8637	7933
8762	7962
7228	7501
9154	8138
8325	7607
8657	7092
8076	7920
8931	7545
6603	6794
8773	7663
6215	7178
8584	7622
8942	8299
6948	6907
9142	8100
8471	7337
8676	7633
8482	7872
8926	7190
5241	5763
9123	7978
7843	8026
8554	7943
9454	8799
8946	8296
8844	9086
9049	7624
9315	8378
8504	7623
8115	7344
7885	7378
5762	6240
8656	8457
8054	5511
9310	8196
8408	6775
6873	6966
9008	7935
8157	7287
5449	6781
5549	5854
9164	7560
9525	8243
8777	7758
8534	7762
6725	7781
5460	7156
8560	7689
8282	7458
4530	6465
8472	8001
8496	7437
9304	8496
8647	8282
9143	8622
7073	7403
8599	8099
7745	7255
8528	7588
9178	8213
9242	9771
8194	7238
9626	7332
8955	8711
8091	7078
7847	7637
7125	7034
5423	6993
8506	8355
8615	7743
9125	8116
9457	8568
8651	8314
8487	7359
8473	7121
8194	8399
8615	7158
8565	8801
3596	6430
8503	7553
7821	7713
7436	6963
6878	6375
9161	7841
8407	7944
8944	7738
8065	7951
5862	6877
8212	8589
7113	6818
8160	7584
9367	7507
8676	7599
9152	7744
9246	8084
9282	7552
8702	6750
9220	9074
8433	7711
4390	6522
2621	6407
6326	6669
9014	8240
8223	7122
9054	8716
8154	7300
7345	7393
9048	7438
7700	7104
9372	8019
6377	6715
8299	7983
7987	6617
8283	7412
8631	7780
9047	7933
8598	7332
9024	8372
8615	7912
8091	7976
8408	8032
6870	7331
6641	7383
6061	6849
8406	8664
5395	6973
6467	6926
8573	7058
9141	7767
9521	8672
8750	7831
7501	7766
5121	6019
9527	7943
8611	8378
8937	7939
8569	8178
8818	8448
9256	7952
8744	7870
6803	7513
8592	7883
