0	0	12	1821
0	1	12	619
0	2	12	607
0	3	12	608
0	4	12	603
0	5	12	606
0	6	12	630
0	7	12	610
0	8	12	602
0	9	12	602
1	0	4588	180954
1	1	4588	120105
1	2	4588	116096
1	3	4588	119787
1	4	4588	129892
1	5	4588	118645
1	6	4588	114948
1	7	4588	116927
1	8	4588	158423
1	9	4588	131800
2	0	65	2320260
2	1	65	2269900
2	2	65	2241756
2	3	65	2161593
2	4	65	2128511
2	5	65	2112140
2	6	65	2117945
2	7	65	2099573
2	8	65	2181217
2	9	65	2109482
3	0	206	81640
3	1	206	70444
3	2	206	65531
3	3	206	50105
3	4	206	48794
3	5	206	49495
3	6	206	65904
3	7	206	72313
3	8	206	49064
3	9	206	51919
4	0	956	1013241
4	1	956	1021035
4	2	956	963122
4	3	956	975847
4	4	956	1017915
4	5	956	877266
4	6	956	998098
4	7	956	903146
4	8	956	1024283
4	9	956	829959
