0	0	12	1549
0	1	12	508
0	2	12	461
0	3	12	460
0	4	12	484
0	5	12	454
0	6	12	451
0	7	12	480
0	8	12	460
0	9	12	455
1	0	4588	128463
1	1	4588	114087
1	2	4588	113188
1	3	4588	110860
1	4	4588	110385
1	5	4588	109935
1	6	4588	112587
1	7	4588	113132
1	8	4588	133231
1	9	4588	116260
2	0	65	3578365
2	1	65	2933050
2	2	65	2825808
2	3	65	3217886
2	4	65	2716055
2	5	65	2647215
2	6	65	2632772
2	7	65	3058484
2	8	65	2769351
2	9	65	2696862
3	0	206	98515666
3	1	206	98383326
3	2	206	116559074
3	3	206	98319272
3	4	206	98814155
3	5	206	99319960
3	6	206	99706043
3	7	206	99635053
3	8	206	99365366
3	9	206	120340562
