0	0	12	441
0	1	12	440
0	2	12	435
0	3	12	441
0	4	12	554
0	5	12	505
0	6	12	493
0	7	12	531
0	8	12	508
0	9	12	498
1	0	4588	105114
1	1	4588	117302
1	2	4588	113146
1	3	4588	125589
1	4	4588	118764
1	5	4588	112762
1	6	4588	106314
1	7	4588	109503
1	8	4588	111509
1	9	4588	103789
2	0	65	2190972
2	1	65	2197874
2	2	65	2120414
2	3	65	2107852
2	4	65	2032555
2	5	65	2077483
2	6	65	2038448
2	7	65	2035034
2	8	65	2095586
2	9	65	2042644
3	0	206	46726
3	1	206	46784
3	2	206	46650
3	3	206	46771
3	4	206	46750
3	5	206	46751
3	6	206	46626
3	7	206	46864
3	8	206	46781
3	9	206	46712
4	0	956	863069
4	1	956	850537
4	2	956	854008
4	3	956	859184
4	4	956	852377
4	5	956	1036746
4	6	956	852437
4	7	956	850665
4	8	956	847222
4	9	956	856251
