0	0	1672	6369
0	1	1672	5560
0	2	1672	5588
0	3	1672	5583
0	4	1672	5589
0	5	1672	5627
0	6	1672	5588
0	7	1672	5589
0	8	1672	5582
0	9	1672	5573
1	0	283	8827
1	1	283	8246
1	2	283	8254
1	3	283	8249
1	4	283	8250
1	5	283	8258
1	6	283	8259
1	7	283	8254
1	8	283	8248
1	9	283	8258
2	0	3939	23157
2	1	3939	21116
2	2	3939	20798
2	3	3939	20785
2	4	3939	20826
2	5	3939	20795
2	6	3939	20811
2	7	3939	20799
2	8	3939	20800
2	9	3939	20773
3	0	324	19538
3	1	324	18601
3	2	324	18520
3	3	324	18520
3	4	324	18508
3	5	324	18485
3	6	324	18531
3	7	324	18493
3	8	324	18490
3	9	324	18490
4	0	3334	188856
4	1	3334	188573
4	2	3334	188619
4	3	3334	188593
4	4	3334	188581
4	5	3334	188581
4	6	3334	188534
4	7	3334	188442
4	8	3334	188600
4	9	3334	188559
5	0	4975	12653
5	1	4975	11785
5	2	4975	12888
5	3	4975	12573
5	4	4975	12509
5	5	4975	12376
5	6	4975	12414
5	7	4975	12464
5	8	4975	12306
5	9	4975	12306
6	0	256	8067
6	1	256	7714
6	2	256	7718
6	3	256	7705
6	4	256	7702
6	5	256	7705
6	6	256	7693
6	7	256	7694
6	8	256	7696
6	9	256	7718
7	0	4601	566600
7	1	4601	566461
7	2	4601	566801
7	3	4601	567026
7	4	4601	567076
7	5	4601	566930
7	6	4601	566289
7	7	4601	566740
7	8	4601	566667
7	9	4601	566936
8	0	240	2245
8	1	240	1707
8	2	240	1719
8	3	240	1703
8	4	240	1717
8	5	240	1777
8	6	240	1675
8	7	240	1656
8	8	240	1650
8	9	240	1665
9	0	70885	543414
9	1	70885	529947
9	2	70885	528022
9	3	70885	528987
9	4	70885	529192
9	5	70885	529520
9	6	70885	528167
9	7	70885	529673
9	8	70885	572163
9	9	70885	530847
