0	0	980	19598284
0	1	980	19459774
0	2	980	19344722
0	3	980	19519106
0	4	980	19780241
0	5	980	19689786
0	6	980	19468032
0	7	980	19434670
0	8	980	19459526
0	9	980	19398933
1	0	29222	291047
1	1	29222	265915
1	2	29222	266532
1	3	29222	266406
1	4	29222	266381
1	5	29222	267402
1	6	29222	267597
1	7	29222	267854
1	8	29222	266914
1	9	29222	272100
2	0	4601	607714
2	1	4601	553219
2	2	4601	552952
2	3	4601	552072
2	4	4601	557378
2	5	4601	553666
2	6	4601	552430
2	7	4601	553331
2	8	4601	552807
2	9	4601	556035
3	0	654	2388051
3	1	654	2338945
3	2	654	2333418
3	3	654	2332365
3	4	654	2333641
3	5	654	2339194
3	6	654	2334533
3	7	654	2334872
3	8	654	2333622
3	9	654	2341974
4	0	302	136947
4	1	302	115577
4	2	302	115367
4	3	302	123801
4	4	302	115439
4	5	302	115380
4	6	302	125006
4	7	302	115486
4	8	302	117868
4	9	302	120160
5	0	2342	7650
5	1	2342	5152
5	2	2342	5152
5	3	2342	5593
5	4	2342	5455
5	5	2342	5141
5	6	2342	5123
5	7	2342	5135
5	8	2342	5149
5	9	2342	5131
6	0	80	6717
6	1	80	4098
6	2	80	3894
6	3	80	3906
6	4	80	3892
6	5	80	3896
6	6	80	3892
6	7	80	3897
6	8	80	3894
6	9	80	3882
7	0	270	568379
7	1	270	417750
7	2	270	452705
7	3	270	399007
7	4	270	434196
7	5	270	404131
7	6	270	397554
7	7	270	395112
7	8	270	395672
7	9	270	379734
8	0	240	940
8	1	240	587
8	2	240	578
8	3	240	574
8	4	240	589
8	5	240	574
8	6	240	569
8	7	240	568
8	8	240	573
8	9	240	568
9	0	17492	106682
9	1	17492	96604
9	2	17492	94217
9	3	17492	94879
9	4	17492	94654
9	5	17492	94922
9	6	17492	95299
9	7	17492	94868
9	8	17492	94697
9	9	17492	95697
