0	0	980	19530423
0	1	980	19471562
0	2	980	19443619
0	3	980	19494382
0	4	980	19530012
0	5	980	19567909
0	6	980	19560199
0	7	980	19526708
0	8	980	19431349
0	9	980	19442682
1	0	29222	282704
1	1	29222	272309
1	2	29222	272434
1	3	29222	272715
1	4	29222	272464
1	5	29222	274957
1	6	29222	273797
1	7	29222	273368
1	8	29222	273389
1	9	29222	273122
2	0	4601	562949
2	1	4601	552698
2	2	4601	553022
2	3	4601	554801
2	4	4601	554341
2	5	4601	556414
2	6	4601	555659
2	7	4601	553896
2	8	4601	555767
2	9	4601	557489
3	0	654	2384962
3	1	654	2346681
3	2	654	2531233
3	3	654	2344580
3	4	654	2345974
3	5	654	2450461
3	6	654	2407026
3	7	654	2348783
3	8	654	2387189
3	9	654	2442815
4	0	302	135779
4	1	302	120796
4	2	302	115322
4	3	302	114647
4	4	302	114782
4	5	302	114670
4	6	302	114751
4	7	302	115220
4	8	302	114825
4	9	302	114642
5	0	2342	8903
5	1	2342	6375
5	2	2342	6137
5	3	2342	6117
5	4	2342	6118
5	5	2342	6121
5	6	2342	6144
5	7	2342	6115
5	8	2342	6118
5	9	2342	6118
6	0	80	5967
6	1	80	4909
6	2	80	4866
6	3	80	4882
6	4	80	4861
6	5	80	4866
6	6	80	4860
6	7	80	4872
6	8	80	4865
6	9	80	4876
7	0	270	540533
7	1	270	405059
7	2	270	378309
7	3	270	389225
7	4	270	385424
7	5	270	385410
7	6	270	388079
7	7	270	449461
7	8	270	393230
7	9	270	376602
8	0	240	1436
8	1	240	725
8	2	240	716
8	3	240	716
8	4	240	714
8	5	240	708
8	6	240	709
8	7	240	723
8	8	240	710
8	9	240	707
9	0	17492	110435
9	1	17492	102127
9	2	17492	110552
9	3	17492	109456
9	4	17492	104211
9	5	17492	108909
9	6	17492	109145
9	7	17492	109725
9	8	17492	104965
9	9	17492	108364
