0	0	980	19664934
0	1	980	19547461
0	2	980	19425933
0	3	980	19462509
0	4	980	19564061
0	5	980	19574417
0	6	980	19553353
0	7	980	19580045
0	8	980	19675298
0	9	980	19552922
1	0	29222	448352
1	1	29222	313766
1	2	29222	314989
1	3	29222	356719
1	4	29222	315869
1	5	29222	315789
1	6	29222	318539
1	7	29222	310957
1	8	29222	361685
1	9	29222	316834
2	0	4601	614761
2	1	4601	562683
2	2	4601	562832
2	3	4601	562936
2	4	4601	562515
2	5	4601	580604
2	6	4601	564489
2	7	4601	562150
2	8	4601	564352
2	9	4601	563153
3	0	654	2415868
3	1	654	2401905
3	2	654	2402901
3	3	654	2394351
3	4	654	2391109
3	5	654	2388035
3	6	654	2391532
3	7	654	2399346
3	8	654	2390650
3	9	654	2396294
4	0	302	146063
4	1	302	142597
4	2	302	142320
4	3	302	142453
4	4	302	142628
4	5	302	147734
4	6	302	143025
4	7	302	142349
4	8	302	142431
4	9	302	142450
5	0	2342	32794
5	1	2342	14781
5	2	2342	13105
5	3	2342	12872
5	4	2342	12858
5	5	2342	12864
5	6	2342	13168
5	7	2342	12943
5	8	2342	12973
5	9	2342	12916
6	0	80	8755
6	1	80	5086
6	2	80	4870
6	3	80	4868
6	4	80	4870
6	5	80	4864
6	6	80	4876
6	7	80	4867
6	8	80	4870
6	9	80	4883
7	0	270	616602
7	1	270	423725
7	2	270	435305
7	3	270	441852
7	4	270	416885
7	5	270	429446
7	6	270	415005
7	7	270	434177
7	8	270	394612
7	9	270	401978
8	0	240	4619
8	1	240	1868
8	2	240	1770
8	3	240	1779
8	4	240	1760
8	5	240	1770
8	6	240	1754
8	7	240	1756
8	8	240	1796
8	9	240	1756
9	0	17492	254981
9	1	17492	169916
9	2	17492	160509
9	3	17492	161255
9	4	17492	165287
9	5	17492	165768
9	6	17492	161399
9	7	17492	225454
9	8	17492	163312
9	9	17492	204693
