0	0	980	24645217
0	1	980	24682986
0	2	980	24677025
0	3	980	24706907
0	4	980	24699947
0	5	980	24671032
0	6	980	24706406
0	7	980	26030582
0	8	980	26049119
0	9	980	27140054
1	0	29222	499987
1	1	29222	380362
1	2	29222	377281
1	3	29222	376555
1	4	29222	376656
1	5	29222	376397
1	6	29222	377913
1	7	29222	377288
1	8	29222	377407
1	9	29222	378434
2	0	4601	577971
2	1	4601	577938
2	2	4601	577920
2	3	4601	577978
2	4	4601	578082
2	5	4601	578341
2	6	4601	577940
2	7	4601	577974
2	8	4601	577796
2	9	4601	578404
3	0	654	2359146
3	1	654	2353664
3	2	654	2356662
3	3	654	2357137
3	4	654	2357575
3	5	654	2355546
3	6	654	2356162
3	7	654	2356039
3	8	654	2355793
3	9	654	2358979
4	0	302	115233
4	1	302	115737
4	2	302	115760
4	3	302	115878
4	4	302	115888
4	5	302	115883
4	6	302	115838
4	7	302	115777
4	8	302	115882
4	9	302	115822
5	0	2342	28948
5	1	2342	27539
5	2	2342	27419
5	3	2342	27408
5	4	2342	27544
5	5	2342	27518
5	6	2342	27427
5	7	2342	27480
5	8	2342	27426
5	9	2342	27394
6	0	80	5282
6	1	80	4826
6	2	80	4809
6	3	80	4817
6	4	80	4817
6	5	80	4815
6	6	80	4825
6	7	80	4812
6	8	80	4823
6	9	80	4820
7	0	270	377248
7	1	270	377212
7	2	270	377988
7	3	270	377759
7	4	270	377269
7	5	270	377039
7	6	270	377502
7	7	270	378149
7	8	270	377572
7	9	270	377805
8	0	240	3324
8	1	240	2913
8	2	240	2903
8	3	240	2893
8	4	240	2915
8	5	240	2918
8	6	240	2894
8	7	240	2894
8	8	240	2910
8	9	240	2914
9	0	17492	224427
9	1	17492	224363
9	2	17492	224440
9	3	17492	224429
9	4	17492	225073
9	5	17492	224607
9	6	17492	224564
9	7	17492	224490
9	8	17492	225260
9	9	17492	224672
